0
1711
51.7512195 -1.2529511
51.7516410 -1.2531277
51.7523900 -1.2534318
51.7524236 -1.2540230
51.7516179 -1.2540008
51.7523995 -1.2547772
51.7523211 -1.2547514
51.7516835 -1.2544498
51.7516098 -1.2542274
51.7511067 -1.2540370
51.7511294 -1.2540684
51.7514043 -1.2540757
51.7522480 -1.2559379
51.7515224 -1.2555675
51.7513812 -1.2561066
51.7519130 -1.2563068
51.7512871 -1.2567825
51.7512255 -1.2572662
51.7511154 -1.2537202
51.7511904 -1.2530654
51.7512655 -1.2527397
51.7528041 -1.2582073
51.7528247 -1.2580979
51.7530243 -1.2572819
51.7533768 -1.2561358
51.7535906 -1.2544416
51.7521507 -1.2600151
51.7522388 -1.2592870
51.7531225 -1.2606776
51.7533056 -1.2598945
51.7549405 -1.2544729
51.7545892 -1.2541548
51.7544933 -1.2540708
51.7544695 -1.2540537
51.7532609 -1.2535836
51.7530518 -1.2538538
51.7531656 -1.2542706
51.7537953 -1.2542609
51.7537288 -1.2537958
51.7525013 -1.2541051
51.7522596 -1.2558488
51.7524577 -1.2559119
51.7535552 -1.2587385
51.7535544 -1.2586951
51.7535533 -1.2586461
51.7523412 -1.2487532
51.7523068 -1.2485857
51.7515893 -1.2466449
51.7520708 -1.2478516
51.7520112 -1.2479169
51.7517957 -1.2481649
51.7514791 -1.2484482
51.7510729 -1.2487627
51.7513316 -1.2488096
51.7515241 -1.2486550
51.7524225 -1.2487297
51.7528162 -1.2486116
51.7531988 -1.2485701
51.7551437 -1.2489762
51.7551581 -1.2489650
51.7552411 -1.2489005
51.7553786 -1.2488044
51.7556751 -1.2486002
51.7557467 -1.2485521
51.7558298 -1.2484963
51.7561538 -1.2482789
51.7564443 -1.2482691
51.7568442 -1.2487742
51.7571426 -1.2490454
51.7572521 -1.2491076
51.7527283 -1.2524120
51.7527410 -1.2521949
51.7519803 -1.2576255
51.7520963 -1.2569929
51.7521135 -1.2568616
51.7521359 -1.2566899
51.7521443 -1.2566331
51.7521639 -1.2565045
51.7521780 -1.2564159
51.7521784 -1.2564107
51.7522074 -1.2562406
51.7522127 -1.2562019
51.7526200 -1.2533315
51.7526324 -1.2532503
51.7527119 -1.2526338
51.7513363 -1.2573237
51.7581173 -1.2600246
51.7582915 -1.2599644
51.7552192 -1.2592343
51.7554229 -1.2593283
51.7549221 -1.2630424
51.7549385 -1.2628738
51.7549828 -1.2615518
51.7549910 -1.2613611
51.7588736 -1.2608662
51.7588375 -1.2610277
51.7585302 -1.2618494
51.7582652 -1.2624777
51.7561639 -1.2533575
51.7562029 -1.2530721
51.7562070 -1.2528352
51.7561460 -1.2517225
51.7580976 -1.2545420
51.7582440 -1.2540814
51.7582839 -1.2539834
51.7564830 -1.2481377
51.7568660 -1.2470787
51.7569551 -1.2465469
51.7561694 -1.2461449
51.7566157 -1.2463518
51.7569120 -1.2465217
51.7586005 -1.2529234
51.7580293 -1.2524179
51.7579367 -1.2523451
51.7576149 -1.2521208
51.7574168 -1.2520386
51.7573079 -1.2520033
51.7570108 -1.2519071
51.7560981 -1.2517177
51.7557053 -1.2517091
51.7555654 -1.2517061
51.7550023 -1.2517403
51.7553892 -1.2495732
51.7552801 -1.2490623
51.7550561 -1.2535571
51.7550570 -1.2535360
51.7550649 -1.2530945
51.7577318 -1.2577056
51.7579323 -1.2578865
51.7585715 -1.2588171
51.7580548 -1.2565261
51.7578956 -1.2571073
51.7555634 -1.2616019
51.7556652 -1.2610201
51.7562028 -1.2624549
51.7554732 -1.2621343
51.7553919 -1.2615302
51.7552939 -1.2621092
51.7579327 -1.2622494
51.7534937 -1.2622824
51.7534443 -1.2622740
51.7531578 -1.2623027
51.7535589 -1.2634572
51.7535699 -1.2634283
51.7535912 -1.2633291
51.7535361 -1.2629122
51.7508190 -1.2617404
51.7509680 -1.2615663
51.7516840 -1.2608381
51.7527945 -1.2638869
51.7527712 -1.2637512
51.7525926 -1.2631463
51.7523249 -1.2623242
51.7522188 -1.2620383
51.7521857 -1.2619544
51.7521707 -1.2619075
51.7519683 -1.2614060
51.7518823 -1.2611765
51.7517329 -1.2608443
51.7528804 -1.2638543
51.7532559 -1.2635679
51.7534825 -1.2635527
51.7535446 -1.2634830
51.7534696 -1.2652266
51.7535103 -1.2652491
51.7551980 -1.2589332
51.7573140 -1.2595145
51.7573249 -1.2594595
51.7573333 -1.2594284
51.7578117 -1.2655382
51.7580255 -1.2648374
51.7569812 -1.2664987
51.7575595 -1.2652708
51.7578237 -1.2641829
51.7578546 -1.2636646
51.7569455 -1.2653692
51.7570428 -1.2640341
51.7570913 -1.2633806
51.7502831 -1.2529319
51.7511568 -1.2530554
51.7560930 -1.2692426
51.7535582 -1.2648279
51.7535302 -1.2648085
51.7534733 -1.2652012
51.7534323 -1.2651846
51.7527465 -1.2649032
51.7527142 -1.2649016
51.7517779 -1.2641247
51.7512243 -1.2637682
51.7511867 -1.2636873
51.7514406 -1.2621425
51.7514709 -1.2622026
51.7540382 -1.2608834
51.7541385 -1.2610714
51.7542606 -1.2611688
51.7543828 -1.2611881
51.7545107 -1.2612412
51.7549921 -1.2613340
51.7549224 -1.2613206
51.7546188 -1.2593633
51.7512291 -1.2596803
51.7515850 -1.2597216
51.7517389 -1.2525320
51.7517246 -1.2526193
51.7517129 -1.2526905
51.7516658 -1.2529778
51.7525348 -1.2511367
51.7522393 -1.2511620
51.7521979 -1.2511665
51.7519011 -1.2511984
51.7514839 -1.2512118
51.7509906 -1.2669401
51.7511558 -1.2658136
51.7514867 -1.2657926
51.7522090 -1.2566547
51.7522397 -1.2564348
51.7522637 -1.2562630
51.7521772 -1.2568808
51.7526751 -1.2569870
51.7526940 -1.2568163
51.7529095 -1.2571331
51.7529179 -1.2570700
51.7529433 -1.2568932
51.7529872 -1.2570951
51.7530126 -1.2569094
51.7523671 -1.2579610
51.7523909 -1.2578531
51.7516891 -1.2655337
51.7580689 -1.2553486
51.7579313 -1.2552584
51.7578807 -1.2552249
51.7584320 -1.2551570
51.7580438 -1.2545109
51.7548453 -1.2530885
51.7548223 -1.2530929
51.7519426 -1.2636516
51.7518765 -1.2635686
51.7519104 -1.2627610
51.7519596 -1.2626991
51.7522952 -1.2623536
51.7513658 -1.2632664
51.7510746 -1.2628326
51.7515526 -1.2630029
51.7515926 -1.2630169
51.7511953 -1.2620104
51.7514594 -1.2621011
51.7515594 -1.2624416
51.7516476 -1.2652789
51.7516590 -1.2648580
51.7576432 -1.2562729
51.7574974 -1.2561873
51.7547427 -1.2492297
51.7547225 -1.2491126
51.7541842 -1.2525509
51.7541639 -1.2525440
51.7544796 -1.2536528
51.7546476 -1.2530242
51.7548126 -1.2529868
51.7532479 -1.2634956
51.7532079 -1.2630554
51.7532007 -1.2629767
51.7531371 -1.2623037
51.7519399 -1.2609453
51.7518746 -1.2609361
51.7541028 -1.2613182
51.7538726 -1.2613368
51.7538630 -1.2613785
51.7538458 -1.2614534
51.7539131 -1.2621054
51.7542875 -1.2623656
51.7543135 -1.2627035
51.7544773 -1.2626726
51.7544504 -1.2623117
51.7543319 -1.2623347
51.7542371 -1.2612905
51.7541459 -1.2613091
51.7518543 -1.2601446
51.7519162 -1.2598669
51.7516354 -1.2597168
51.7516294 -1.2601502
51.7533600 -1.2562424
51.7526966 -1.2532854
51.7563807 -1.2632976
51.7563409 -1.2639025
51.7562478 -1.2652227
51.7544858 -1.2612804
51.7539073 -1.2613891
51.7536026 -1.2612843
51.7536820 -1.2606427
51.7537650 -1.2606553
51.7539187 -1.2538429
51.7542299 -1.2582317
51.7542877 -1.2578213
51.7543141 -1.2575579
51.7543552 -1.2571221
51.7543978 -1.2567600
51.7544067 -1.2566866
51.7536343 -1.2610268
51.7538217 -1.2597000
51.7539966 -1.2589579
51.7540551 -1.2588644
51.7526352 -1.2505975
51.7526965 -1.2511060
51.7527445 -1.2519973
51.7547910 -1.2491481
51.7523599 -1.2488711
51.7578633 -1.2635662
51.7578378 -1.2635604
51.7567604 -1.2633419
51.7554215 -1.2632188
51.7551649 -1.2631844
51.7549893 -1.2630817
51.7576673 -1.2561495
51.7579535 -1.2548987
51.7580337 -1.2545431
51.7581855 -1.2540446
51.7583018 -1.2537291
51.7527194 -1.2505697
51.7530520 -1.2504746
51.7537383 -1.2512353
51.7538382 -1.2522701
51.7540781 -1.2525183
51.7550488 -1.2613855
51.7562959 -1.2619184
51.7564313 -1.2619775
51.7570508 -1.2622514
51.7527972 -1.2639958
51.7527995 -1.2640879
51.7530957 -1.2475992
51.7526544 -1.2465675
51.7535150 -1.2649157
51.7536266 -1.2637622
51.7536275 -1.2637445
51.7518327 -1.2639481
51.7526676 -1.2641455
51.7511239 -1.2635094
51.7528066 -1.2646189
51.7528008 -1.2648649
51.7527416 -1.2568223
51.7527605 -1.2566800
51.7522581 -1.2592364
51.7529526 -1.2568877
51.7529740 -1.2567127
51.7529963 -1.2565396
51.7523593 -1.2568964
51.7523816 -1.2567198
51.7523820 -1.2567123
51.7524045 -1.2565217
51.7524080 -1.2564961
51.7524260 -1.2563429
51.7527583 -1.2582783
51.7523569 -1.2588202
51.7517330 -1.2585360
51.7515762 -1.2601967
51.7514988 -1.2602265
51.7537378 -1.2628664
51.7537935 -1.2628324
51.7542754 -1.2620251
51.7545069 -1.2555279
51.7542975 -1.2566476
51.7545665 -1.2553185
51.7548765 -1.2545810
51.7557731 -1.2592604
51.7555700 -1.2590963
51.7573514 -1.2623820
51.7579877 -1.2631695
51.7565484 -1.2478440
51.7561900 -1.2481726
51.7537206 -1.2635104
51.7537371 -1.2635030
51.7545657 -1.2631274
51.7548015 -1.2631185
51.7577645 -1.2598496
51.7576382 -1.2598850
51.7577293 -1.2597109
51.7575835 -1.2596449
51.7573183 -1.2595165
51.7571457 -1.2594554
51.7571325 -1.2594529
51.7567797 -1.2593795
51.7565211 -1.2592897
51.7564040 -1.2592592
51.7572845 -1.2597695
51.7575497 -1.2598561
51.7575920 -1.2595978
51.7575983 -1.2595628
51.7571113 -1.2597129
51.7567524 -1.2596094
51.7564988 -1.2595375
51.7555886 -1.2589732
51.7558112 -1.2590257
51.7558284 -1.2590298
51.7563761 -1.2592096
51.7559524 -1.2594870
51.7565864 -1.2599806
51.7568334 -1.2600943
51.7572684 -1.2602204
51.7572915 -1.2602279
51.7584709 -1.2605818
51.7568805 -1.2598352
51.7569060 -1.2596509
51.7581418 -1.2602684
51.7579372 -1.2600850
51.7587012 -1.2568899
51.7587302 -1.2568013
51.7582717 -1.2559309
51.7581199 -1.2565722
51.7581278 -1.2565318
51.7581495 -1.2564440
51.7524334 -1.2493329
51.7525495 -1.2500157
51.7525905 -1.2502985
51.7525238 -1.2534828
51.7519477 -1.2495723
51.7519367 -1.2495223
51.7514829 -1.2472180
51.7513602 -1.2522111
51.7513669 -1.2521616
51.7514385 -1.2516362
51.7515010 -1.2510531
51.7515380 -1.2507127
51.7515627 -1.2504876
51.7516253 -1.2497353
51.7538978 -1.2564967
51.7542209 -1.2566183
51.7542001 -1.2584851
51.7541325 -1.2587434
51.7537341 -1.2628207
51.7537666 -1.2625718
51.7514850 -1.2540732
51.7515510 -1.2541010
51.7518680 -1.2580105
51.7519966 -1.2577234
51.7528600 -1.2640891
51.7528876 -1.2640438
51.7517978 -1.2623087
51.7521429 -1.2619409
51.7517873 -1.2640936
51.7516350 -1.2626167
51.7518355 -1.2623980
51.7516782 -1.2622086
51.7515487 -1.2622330
51.7525545 -1.2631801
51.7525015 -1.2632898
51.7559772 -1.2611570
51.7565406 -1.2614673
51.7531487 -1.2561264
51.7533420 -1.2562391
51.7525437 -1.2648498
51.7548939 -1.2506343
51.7548759 -1.2504167
51.7513482 -1.2622404
51.7530723 -1.2571537
51.7531413 -1.2569628
51.7532039 -1.2567897
51.7532481 -1.2566264
51.7568253 -1.2601405
51.7541238 -1.2485123
51.7542630 -1.2485652
51.7597777 -1.2576603
51.7581001 -1.2565562
51.7536781 -1.2485385
51.7576218 -1.2475360
51.7577288 -1.2561944
51.7580189 -1.2563709
51.7571595 -1.2489739
51.7580075 -1.2549301
51.7581902 -1.2564994
51.7573625 -1.2599914
51.7549968 -1.2611302
51.7551002 -1.2601440
51.7551332 -1.2599321
51.7507524 -1.2484424
51.7512122 -1.2483864
51.7514365 -1.2478075
51.7512866 -1.2473858
51.7511882 -1.2471090
51.7511443 -1.2469854
51.7510286 -1.2466599
51.7513354 -1.2473428
51.7511136 -1.2481061
51.7509902 -1.2477556
51.7541589 -1.2523221
51.7515476 -1.2471283
51.7510747 -1.2642262
51.7531920 -1.2484429
51.7522376 -1.2483276
51.7522774 -1.2483002
51.7523871 -1.2482344
51.7524147 -1.2486795
51.7525949 -1.2486389
51.7519735 -1.2476395
51.7520201 -1.2475790
51.7520274 -1.2475695
51.7528095 -1.2485614
51.7554726 -1.2593467
51.7559329 -1.2594792
51.7514936 -1.2467917
51.7515431 -1.2467156
51.7516233 -1.2465952
51.7520819 -1.2468251
51.7521475 -1.2470666
51.7520455 -1.2468548
51.7525157 -1.2648389
51.7525019 -1.2648328
51.7523689 -1.2647635
51.7521752 -1.2645539
51.7517725 -1.2641427
51.7517078 -1.2645110
51.7516759 -1.2647251
51.7528927 -1.2649130
51.7528513 -1.2649081
51.7534172 -1.2655578
51.7534432 -1.2653920
51.7527991 -1.2649081
51.7527908 -1.2651184
51.7523778 -1.2648780
51.7523884 -1.2649959
51.7524553 -1.2650503
51.7527313 -1.2651022
51.7533959 -1.2656916
51.7513069 -1.2464482
51.7529901 -1.2583361
51.7529817 -1.2583909
51.7529152 -1.2587260
51.7528736 -1.2589218
51.7535940 -1.2609993
51.7513111 -1.2574789
51.7527707 -1.2566024
51.7527884 -1.2564679
51.7527896 -1.2566508
51.7531575 -1.2567742
51.7527424 -1.2566283
51.7527411 -1.2566383
51.7577869 -1.2515636
51.7582267 -1.2508658
51.7582049 -1.2606801
51.7572874 -1.2602656
51.7565780 -1.2600243
51.7562722 -1.2598508
51.7554272 -1.2594833
51.7552776 -1.2594544
51.7572995 -1.2599632
51.7516035 -1.2488902
51.7516068 -1.2488120
51.7514311 -1.2510341
51.7513615 -1.2510753
51.7513671 -1.2510231
51.7513509 -1.2511846
51.7527321 -1.2641858
51.7528030 -1.2642302
51.7527303 -1.2640843
51.7593033 -1.2651314
51.7580174 -1.2636025
51.7510193 -1.2521416
51.7511125 -1.2521254
51.7512905 -1.2517127
51.7512009 -1.2519149
51.7512976 -1.2516510
51.7514413 -1.2492247
51.7513942 -1.2490497
51.7515730 -1.2487005
51.7579974 -1.2564851
51.7512286 -1.2521669
51.7511747 -1.2516758
51.7514880 -1.2516492
51.7511712 -1.2517012
51.7517785 -1.2672266
51.7516848 -1.2655076
51.7576106 -1.2561171
51.7574418 -1.2561526
51.7560118 -1.2552102
51.7559829 -1.2551896
51.7556935 -1.2549836
51.7553985 -1.2547980
51.7545629 -1.2630946
51.7520463 -1.2539074
51.7520347 -1.2540842
51.7550969 -1.2591889
51.7535520 -1.2585713
51.7535721 -1.2584472
51.7527066 -1.2479914
51.7527122 -1.2480186
51.7518464 -1.2470859
51.7519337 -1.2472459
51.7522754 -1.2473660
51.7522935 -1.2474722
51.7524144 -1.2471852
51.7520340 -1.2474400
51.7530299 -1.2462608
51.7526763 -1.2478620
51.7526647 -1.2478246
51.7519932 -1.2475023
51.7517673 -1.2465119
51.7546190 -1.2527217
51.7531829 -1.2483923
51.7531708 -1.2483240
51.7531621 -1.2482754
51.7531951 -1.2479174
51.7531964 -1.2479764
51.7533586 -1.2479484
51.7533126 -1.2479394
51.7538669 -1.2483392
51.7530338 -1.2484270
51.7538612 -1.2481715
51.7528507 -1.2510582
51.7532022 -1.2510124
51.7534267 -1.2520299
51.7531678 -1.2519658
51.7527880 -1.2510662
51.7528305 -1.2510608
51.7527595 -1.2510696
51.7527678 -1.2510683
51.7527733 -1.2510675
51.7534046 -1.2514574
51.7533966 -1.2512943
51.7534056 -1.2522370
51.7534359 -1.2519964
51.7534079 -1.2514772
51.7537829 -1.2522908
51.7533608 -1.2509936
51.7534249 -1.2509877
51.7534384 -1.2512639
51.7536994 -1.2512395
51.7533910 -1.2519750
51.7532149 -1.2510110
51.7573563 -1.2516333
51.7585372 -1.2510539
51.7582392 -1.2516424
51.7573842 -1.2522103
51.7573050 -1.2525248
51.7571909 -1.2527377
51.7575708 -1.2529698
51.7573532 -1.2531522
51.7572193 -1.2530139
51.7571833 -1.2528336
51.7571363 -1.2530463
51.7570937 -1.2532422
51.7583666 -1.2573428
51.7585239 -1.2570999
51.7587288 -1.2572129
51.7553863 -1.2548532
51.7553700 -1.2549243
51.7547199 -1.2554011
51.7571379 -1.2593941
51.7571550 -1.2592062
51.7571844 -1.2588838
51.7572040 -1.2586687
51.7583016 -1.2604596
51.7584911 -1.2618086
51.7535182 -1.2569012
51.7535500 -1.2567263
51.7535102 -1.2565029
51.7533806 -1.2566340
51.7534112 -1.2568410
51.7534715 -1.2566840
51.7534551 -1.2574349
51.7534874 -1.2572823
51.7533538 -1.2570384
51.7533659 -1.2569835
51.7532957 -1.2637825
51.7533031 -1.2637502
51.7518518 -1.2608582
51.7522758 -1.2619797
51.7522994 -1.2619562
51.7516287 -1.2622198
51.7533402 -1.2638894
51.7531361 -1.2645577
51.7533310 -1.2638532
51.7532668 -1.2646204
51.7530151 -1.2642584
51.7542749 -1.2623531
51.7538754 -1.2624395
51.7537670 -1.2625054
51.7542771 -1.2623877
51.7581399 -1.2642499
51.7580618 -1.2646878
51.7579712 -1.2642079
51.7554201 -1.2632748
51.7576999 -1.2653943
51.7565721 -1.2600546
51.7561729 -1.2577691
51.7561749 -1.2577515
51.7561862 -1.2576549
51.7564834 -1.2605111
51.7564606 -1.2606302
51.7560639 -1.2590731
51.7560587 -1.2591163
51.7559863 -1.2611201
51.7561125 -1.2605509
51.7564522 -1.2606680
51.7564361 -1.2607401
51.7563803 -1.2610984
51.7561145 -1.2582688
51.7561942 -1.2575929
51.7565521 -1.2601526
51.7565454 -1.2601852
51.7564862 -1.2604963
51.7560870 -1.2588714
51.7560793 -1.2589469
51.7560768 -1.2589666
51.7513049 -1.2516004
51.7513138 -1.2514976
51.7513442 -1.2512310
51.7512501 -1.2521712
51.7513123 -1.2521937
51.7583528 -1.2616647
51.7571377 -1.2610802
51.7572841 -1.2602962
51.7581164 -1.2574003
51.7581190 -1.2573903
51.7581427 -1.2572989
51.7581577 -1.2572413
51.7583561 -1.2573600
51.7580679 -1.2575954
51.7580350 -1.2577172
51.7580930 -1.2574655
51.7585022 -1.2583164
51.7580314 -1.2577307
51.7585843 -1.2578831
51.7579391 -1.2571409
51.7577444 -1.2588993
51.7579132 -1.2588115
51.7589456 -1.2629808
51.7571252 -1.2472060
51.7569211 -1.2470966
51.7560982 -1.2516248
51.7525502 -1.2603247
51.7552091 -1.2586223
51.7548657 -1.2584220
51.7546145 -1.2579547
51.7544203 -1.2572030
51.7544296 -1.2572073
51.7552219 -1.2563993
51.7557504 -1.2566714
51.7544449 -1.2567440
51.7544705 -1.2567512
51.7545741 -1.2567995
51.7550943 -1.2570296
51.7546179 -1.2575523
51.7549262 -1.2580838
51.7553478 -1.2582762
51.7559984 -1.2552767
51.7559920 -1.2553085
51.7559914 -1.2553113
51.7549476 -1.2579659
51.7533927 -1.2568723
51.7535138 -1.2564800
51.7535311 -1.2563915
51.7535428 -1.2563309
51.7532705 -1.2664454
51.7509643 -1.2563685
51.7552145 -1.2594443
51.7552147 -1.2594278
51.7552208 -1.2594303
51.7575205 -1.2560777
51.7570957 -1.2558148
51.7560011 -1.2551192
51.7521012 -1.2563844
51.7536174 -1.2563657
51.7510831 -1.2533741
51.7578878 -1.2536917
51.7579163 -1.2535931
51.7579492 -1.2534796
51.7577439 -1.2533253
51.7577188 -1.2534181
51.7576915 -1.2535819
51.7579746 -1.2534420
51.7543851 -1.2555109
51.7547143 -1.2546320
51.7546782 -1.2546179
51.7541062 -1.2540217
51.7540901 -1.2541308
51.7539107 -1.2543153
51.7538365 -1.2542868
51.7542709 -1.2544508
51.7541950 -1.2544216
51.7546311 -1.2545973
51.7541232 -1.2545680
51.7537712 -1.2541721
51.7536279 -1.2541069
51.7543815 -1.2548421
51.7543873 -1.2547924
51.7544286 -1.2545113
51.7544753 -1.2541881
51.7539264 -1.2620771
51.7538757 -1.2624752
51.7548732 -1.2491218
51.7546514 -1.2490017
51.7542990 -1.2623411
51.7520293 -1.2578983
51.7520830 -1.2578053
51.7520915 -1.2577636
51.7521282 -1.2577156
51.7539700 -1.2588847
51.7620681 -1.2605418
51.7584278 -1.2600588
51.7583209 -1.2600632
51.7581365 -1.2601251
51.7582942 -1.2602887
51.7583951 -1.2603519
51.7526793 -1.2533588
51.7525485 -1.2533037
51.7524272 -1.2487556
51.7523176 -1.2488861
51.7524041 -1.2488527
51.7575095 -1.2561327
51.7556962 -1.2486649
51.7532113 -1.2566137
51.7534849 -1.2636387
51.7534795 -1.2634833
51.7528768 -1.2640015
51.7528573 -1.2646204
51.7535493 -1.2633368
51.7536295 -1.2633194
51.7517240 -1.2613541
51.7535920 -1.2609358
51.7528514 -1.2637491
51.7528070 -1.2637261
51.7522432 -1.2618960
51.7520220 -1.2613216
51.7516120 -1.2602118
51.7529097 -1.2639386
51.7532778 -1.2636553
51.7535778 -1.2637079
51.7527252 -1.2637713
51.7521768 -1.2626543
51.7520950 -1.2626236
51.7527457 -1.2639990
51.7522861 -1.2630381
51.7519111 -1.2630159
51.7531783 -1.2674014
51.7534322 -1.2657319
51.7534730 -1.2648949
51.7535789 -1.2637587
51.7536759 -1.2637612
51.7534831 -1.2654142
51.7534016 -1.2653710
51.7534555 -1.2656051
51.7535087 -1.2651819
51.7533793 -1.2655112
51.7534373 -1.2651578
51.7533561 -1.2656474
51.7535455 -1.2649134
51.7537444 -1.2635834
51.7548121 -1.2631864
51.7549234 -1.2632332
51.7536773 -1.2634091
51.7537264 -1.2634375
51.7547993 -1.2630694
51.7548711 -1.2628633
51.7549134 -1.2615438
51.7549200 -1.2613866
51.7533427 -1.2657270
51.7526664 -1.2669618
51.7527556 -1.2646139
51.7528519 -1.2648742
51.7551658 -1.2594062
51.7539550 -1.2589399
51.7540260 -1.2589720
51.7541892 -1.2587817
51.7550835 -1.2593173
51.7551026 -1.2591080
51.7617062 -1.2601823
51.7581530 -1.2597806
51.7580039 -1.2636631
51.7550263 -1.2629999
51.7550090 -1.2628853
51.7550620 -1.2611414
51.7549392 -1.2611260
51.7564352 -1.2481022
51.7524777 -1.2500409
51.7526208 -1.2499839
51.7550420 -1.2615596
51.7526776 -1.2519925
51.7528104 -1.2519977
51.7526485 -1.2526211
51.7527793 -1.2526485
51.7515600 -1.2470483
51.7516076 -1.2469795
51.7516453 -1.2469276
51.7518865 -1.2476131
51.7519309 -1.2475561
51.7519678 -1.2475062
51.7582750 -1.2601619
51.7582769 -1.2601431
51.7583031 -1.2602269
51.7583147 -1.2601253
51.7523554 -1.2569243
51.7530151 -1.2570983
51.7526952 -1.2568062
51.7530876 -1.2569372
51.7525721 -1.2574061
51.7526184 -1.2573706
51.7528961 -1.2572146
51.7541615 -1.2506649
51.7540049 -1.2504728
51.7540780 -1.2512717
51.7541260 -1.2525326
51.7541045 -1.2525266
51.7548205 -1.2530660
51.7541423 -1.2521674
51.7541561 -1.2521266
51.7542020 -1.2521062
51.7542292 -1.2515513
51.7540929 -1.2514337
51.7540899 -1.2514010
51.7548322 -1.2506473
51.7547383 -1.2506691
51.7542713 -1.2515404
51.7543735 -1.2515090
51.7542714 -1.2507036
51.7542354 -1.2503947
51.7542069 -1.2521478
51.7542291 -1.2523386
51.7540013 -1.2504335
51.7542367 -1.2523984
51.7545755 -1.2520246
51.7545681 -1.2519497
51.7545110 -1.2513730
51.7544405 -1.2506613
51.7543960 -1.2502067
51.7542868 -1.2489897
51.7546990 -1.2506768
51.7528217 -1.2519982
51.7524449 -1.2540275
51.7543713 -1.2552782
51.7545537 -1.2552203
51.7545283 -1.2552006
51.7566478 -1.2588630
51.7566283 -1.2590220
51.7554746 -1.2644097
51.7554795 -1.2642917
51.7554899 -1.2640418
51.7554960 -1.2638943
51.7555306 -1.2638545
51.7555596 -1.2638212
51.7550427 -1.2640226
51.7549763 -1.2640142
51.7556695 -1.2653871
51.7552489 -1.2646823
51.7549857 -1.2646562
51.7548288 -1.2646407
51.7561233 -1.2656794
51.7561999 -1.2657209
51.7562009 -1.2658167
51.7549597 -1.2643580
51.7549795 -1.2644371
51.7553443 -1.2640573
51.7553485 -1.2640285
51.7553577 -1.2639648
51.7551891 -1.2633613
51.7560768 -1.2647947
51.7560501 -1.2647781
51.7560291 -1.2647651
51.7551901 -1.2639058
51.7558374 -1.2646303
51.7559638 -1.2639154
51.7549134 -1.2634293
51.7539932 -1.2641460
51.7540187 -1.2637810
51.7547163 -1.2643274
51.7545891 -1.2643120
51.7568392 -1.2560180
51.7571586 -1.2568103
51.7570430 -1.2574111
51.7565005 -1.2575588
51.7559636 -1.2575057
51.7576460 -1.2556679
51.7571438 -1.2556084
51.7573832 -1.2545878
51.7572467 -1.2551811
51.7520189 -1.2495338
51.7520516 -1.2497659
51.7519997 -1.2503314
51.7519718 -1.2501340
51.7521509 -1.2497302
51.7521973 -1.2500581
51.7524148 -1.2528605
51.7521413 -1.2526243
51.7521238 -1.2524460
51.7521349 -1.2521592
51.7525326 -1.2512981
51.7525246 -1.2514899
51.7524316 -1.2516266
51.7524009 -1.2512887
51.7522520 -1.2512743
51.7522941 -1.2521820
51.7522983 -1.2519785
51.7524472 -1.2517880
51.7525391 -1.2519945
51.7526558 -1.2519999
51.7526344 -1.2519990
51.7515158 -1.2547212
51.7513524 -1.2546812
51.7511304 -1.2546262
51.7513337 -1.2548857
51.7513528 -1.2550384
51.7513770 -1.2549796
51.7512773 -1.2549548
51.7513220 -1.2550469
51.7526001 -1.2548131
51.7526121 -1.2546713
51.7529505 -1.2546508
51.7513064 -1.2552377
51.7511056 -1.2549100
51.7514925 -1.2550050
51.7510823 -1.2551942
51.7568781 -1.2626793
51.7555218 -1.2574454
51.7554634 -1.2574059
51.7556784 -1.2575534
51.7556282 -1.2575237
51.7556724 -1.2571562
51.7559312 -1.2574616
51.7556603 -1.2576219
51.7556493 -1.2576238
51.7555979 -1.2576072
51.7554961 -1.2575272
51.7555204 -1.2572052
51.7556657 -1.2571785
51.7557343 -1.2573645
51.7555774 -1.2572481
51.7556314 -1.2572917
51.7556838 -1.2573339
51.7550820 -1.2571863
51.7547563 -1.2574334
51.7548189 -1.2576105
51.7562828 -1.2467257
51.7566034 -1.2463960
51.7549692 -1.2588589
51.7550480 -1.2591006
51.7550706 -1.2589267
51.7551917 -1.2600261
51.7552375 -1.2600445
51.7552637 -1.2600550
51.7553310 -1.2600820
51.7550546 -1.2613233
51.7537450 -1.2629552
51.7539568 -1.2588278
51.7561275 -1.2544194
51.7561034 -1.2545462
51.7567448 -1.2538887
51.7568513 -1.2539670
51.7568504 -1.2540995
51.7563192 -1.2536480
51.7561667 -1.2542526
51.7560475 -1.2549202
51.7561333 -1.2545607
51.7544991 -1.2572315
51.7545190 -1.2572948
51.7546630 -1.2573978
51.7519765 -1.2564264
51.7520919 -1.2564749
51.7520655 -1.2566601
51.7571419 -1.2586581
51.7572649 -1.2586792
51.7573056 -1.2587113
51.7574049 -1.2587898
51.7567495 -1.2587986
51.7569925 -1.2588016
51.7570350 -1.2587018
51.7570800 -1.2586409
51.7563408 -1.2589245
51.7569994 -1.2591449
51.7513868 -1.2490238
51.7513442 -1.2488626
51.7560279 -1.2541907
51.7560472 -1.2541816
51.7557467 -1.2547361
51.7557719 -1.2546186
51.7561189 -1.2542255
51.7557767 -1.2545966
51.7561299 -1.2545767
51.7560046 -1.2550989
51.7567981 -1.2541563
51.7572945 -1.2543447
51.7557477 -1.2540296
51.7556408 -1.2545172
51.7577621 -1.2534575
51.7550281 -1.2643232
51.7550384 -1.2643248
51.7561963 -1.2655171
51.7562051 -1.2653994
51.7547419 -1.2636236
51.7547844 -1.2636302
51.7549024 -1.2636451
51.7584729 -1.2542255
51.7525526 -1.2519954
51.7553425 -1.2642792
51.7551449 -1.2642610
51.7549046 -1.2636007
51.7549035 -1.2636240
51.7554252 -1.2642868
51.7521802 -1.2521216
51.7521655 -1.2521608
51.7520954 -1.2522284
51.7551826 -1.2500942
51.7550864 -1.2502428
51.7550466 -1.2501329
51.7549527 -1.2492705
51.7552259 -1.2500819
51.7550733 -1.2503513
51.7549109 -1.2503837
51.7549692 -1.2494117
51.7549610 -1.2493242
51.7549641 -1.2493460
51.7549793 -1.2495403
51.7549835 -1.2495911
51.7549868 -1.2496273
51.7551742 -1.2496454
51.7553631 -1.2495818
51.7550412 -1.2500879
51.7551766 -1.2490350
51.7550225 -1.2499246
51.7549376 -1.2496045
51.7550416 -1.2494368
51.7551935 -1.2498190
51.7550139 -1.2498660
51.7513391 -1.2554804
51.7512529 -1.2555797
51.7512256 -1.2562611
51.7512154 -1.2562481
51.7511987 -1.2558261
51.7512164 -1.2557445
51.7510039 -1.2554099
51.7513173 -1.2556033
51.7559546 -1.2652559
51.7559583 -1.2652036
51.7559390 -1.2654776
51.7559432 -1.2654176
51.7550072 -1.2644413
51.7545341 -1.2636933
51.7545836 -1.2636935
51.7559618 -1.2647005
51.7559161 -1.2646739
51.7550053 -1.2636161
51.7547281 -1.2635738
51.7558280 -1.2651097
51.7555483 -1.2634342
51.7559578 -1.2656006
51.7573488 -1.2593436
51.7574368 -1.2586735
51.7575341 -1.2583196
51.7571941 -1.2579578
51.7571286 -1.2574895
51.7572209 -1.2570985
51.7582269 -1.2592543
51.7575165 -1.2587320
51.7576197 -1.2591227
51.7559257 -1.2588880
51.7570152 -1.2591497
51.7571019 -1.2591842
51.7561079 -1.2585397
51.7560948 -1.2584299
51.7562075 -1.2587864
51.7562191 -1.2587277
51.7561709 -1.2585658
51.7560527 -1.2585722
51.7560208 -1.2586338
51.7560179 -1.2587724
51.7561646 -1.2588569
51.7558607 -1.2588674
51.7513996 -1.2510254
51.7514135 -1.2509110
51.7515304 -1.2496981
51.7550894 -1.2535167
51.7557362 -1.2535760
51.7558159 -1.2531675
51.7552835 -1.2543357
51.7552837 -1.2538477
51.7556492 -1.2537719
51.7556147 -1.2539552
51.7555934 -1.2540512
51.7555073 -1.2544412
51.7552729 -1.2544106
51.7552948 -1.2537625
51.7552841 -1.2537333
51.7553054 -1.2534998
51.7556277 -1.2545111
51.7546451 -1.2592561
51.7518493 -1.2654657
51.7517423 -1.2654929
51.7519485 -1.2654405
51.7523128 -1.2654860
51.7521259 -1.2653954
51.7569212 -1.2484607
51.7569323 -1.2484095
51.7569667 -1.2482648
51.7569861 -1.2481830
51.7570029 -1.2481120
51.7518608 -1.2569197
51.7529827 -1.2498190
51.7531151 -1.2500423
51.7532340 -1.2502280
51.7532033 -1.2502234
51.7533419 -1.2502038
51.7533238 -1.2502047
51.7532862 -1.2502155
51.7531326 -1.2502210
51.7534611 -1.2502232
51.7530170 -1.2538436
51.7532649 -1.2614627
51.7572708 -1.2568818
51.7519114 -1.2648200
51.7518828 -1.2648854
51.7550954 -1.2533632
51.7551782 -1.2532275
51.7550956 -1.2530696
51.7550953 -1.2532211
51.7551540 -1.2532256
51.7552888 -1.2603601
51.7553184 -1.2601694
51.7553751 -1.2597923
51.7553450 -1.2599866
51.7518314 -1.2507348
51.7519104 -1.2507176
51.7564512 -1.2611602
51.7567338 -1.2607480
51.7569863 -1.2606226
51.7568618 -1.2610959
51.7567603 -1.2610367
51.7568683 -1.2605617
51.7569299 -1.2605935
51.7569366 -1.2605456
51.7569423 -1.2605162
51.7569520 -1.2604641
51.7567431 -1.2610266
51.7571370 -1.2608445
51.7570738 -1.2611117
51.7569842 -1.2613072
51.7570398 -1.2610903
51.7541071 -1.2540170
51.7541273 -1.2539093
51.7541389 -1.2537836
51.7545688 -1.2566402
51.7545341 -1.2566138
51.7545538 -1.2566365
51.7584458 -1.2549747
51.7541324 -1.2545827
51.7536168 -1.2541755
51.7532717 -1.2539416
51.7539023 -1.2638211
51.7538409 -1.2638548
51.7538229 -1.2639644
51.7538019 -1.2640865
51.7547389 -1.2637255
51.7546030 -1.2648714
51.7550299 -1.2669950
51.7561913 -1.2660471
51.7523937 -1.2493505
51.7539542 -1.2497682
51.7544736 -1.2545286
51.7544322 -1.2548096
51.7545225 -1.2542041
51.7539538 -1.2565686
51.7567188 -1.2561092
51.7567537 -1.2587843
51.7558497 -1.2580571
51.7558645 -1.2579836
51.7559246 -1.2580139
51.7527481 -1.2648580
51.7526773 -1.2624808
51.7526409 -1.2625112
51.7527090 -1.2626033
51.7527500 -1.2625700
51.7527856 -1.2625410
51.7527979 -1.2625310
51.7528215 -1.2625118
51.7529540 -1.2624040
51.7527381 -1.2622600
51.7527438 -1.2627175
51.7527257 -1.2626579
51.7528002 -1.2627293
51.7527841 -1.2626828
51.7527660 -1.2626233
51.7527600 -1.2627616
51.7528352 -1.2626992
51.7528206 -1.2626542
51.7528025 -1.2625946
51.7527790 -1.2624728
51.7527382 -1.2623476
51.7529076 -1.2634008
51.7515785 -1.2470807
51.7512428 -1.2464915
51.7519560 -1.2477831
51.7515804 -1.2470842
51.7529607 -1.2594999
51.7528892 -1.2598549
51.7530047 -1.2601550
51.7526815 -1.2597645
51.7531047 -1.2599486
51.7527624 -1.2597998
51.7514308 -1.2463793
51.7527565 -1.2503975
51.7537492 -1.2499424
51.7537355 -1.2503794
51.7560525 -1.2533220
51.7553057 -1.2534059
51.7551916 -1.2543370
51.7551811 -1.2561998
51.7549729 -1.2560488
51.7549921 -1.2559012
51.7548796 -1.2560111
51.7556001 -1.2568448
51.7546857 -1.2574079
51.7562522 -1.2583307
51.7563198 -1.2577990
51.7559708 -1.2585763
51.7559770 -1.2582425
51.7560445 -1.2577086
51.7561118 -1.2582849
51.7521064 -1.2537682
51.7521290 -1.2534831
51.7521621 -1.2544117
51.7520444 -1.2538380
51.7518942 -1.2538188
51.7519053 -1.2533883
51.7513702 -1.2534784
51.7513676 -1.2538302
51.7514979 -1.2535087
51.7513639 -1.2538811
51.7515100 -1.2535086
51.7518612 -1.2541166
51.7520352 -1.2541046
51.7521654 -1.2541453
51.7521547 -1.2544633
51.7522932 -1.2538170
51.7518721 -1.2527380
51.7518420 -1.2527287
51.7517884 -1.2530320
51.7518301 -1.2527251
51.7524345 -1.2516522
51.7524453 -1.2517669
51.7531955 -1.2548522
51.7531029 -1.2547020
51.7533149 -1.2544831
51.7533099 -1.2545220
51.7532085 -1.2548558
51.7530705 -1.2546952
51.7530648 -1.2546657
51.7530941 -1.2546381
51.7525859 -1.2546751
51.7530587 -1.2548749
51.7530895 -1.2496902
51.7529850 -1.2494126
51.7529694 -1.2496958
51.7529794 -1.2497946
51.7529746 -1.2493074
51.7516232 -1.2534954
51.7520985 -1.2537756
51.7520597 -1.2538223
51.7513640 -1.2539865
51.7515793 -1.2535162
51.7521972 -1.2542878
51.7521995 -1.2542542
51.7521638 -1.2542201
51.7531194 -1.2502198
51.7555190 -1.2544501
51.7557338 -1.2540219
51.7556284 -1.2539633
51.7560911 -1.2582783
51.7561062 -1.2583268
51.7534983 -1.2576372
51.7535633 -1.2573267
51.7535331 -1.2577275
51.7534889 -1.2576671
51.7534827 -1.2579482
51.7546340 -1.2539946
51.7546482 -1.2540108
51.7546278 -1.2540658
51.7546048 -1.2541188
51.7541465 -1.2536853
51.7547922 -1.2535542
51.7549413 -1.2535451
51.7541500 -1.2536391
51.7541498 -1.2535772
51.7546414 -1.2635738
51.7539874 -1.2558699
51.7539337 -1.2558435
51.7539041 -1.2558290
51.7536333 -1.2562817
51.7536500 -1.2561824
51.7536572 -1.2561468
51.7528826 -1.2527588
51.7535427 -1.2536183
51.7535509 -1.2535751
51.7531773 -1.2530848
51.7532632 -1.2531079
51.7533009 -1.2534653
51.7533129 -1.2533988
51.7531499 -1.2530776
51.7535461 -1.2536676
51.7528093 -1.2530449
51.7528198 -1.2530487
51.7532948 -1.2535045
51.7535629 -1.2535084
51.7527712 -1.2530260
51.7529908 -1.2532666
51.7530384 -1.2530249
51.7527521 -1.2530169
51.7532720 -1.2531111
51.7535917 -1.2536408
51.7527967 -1.2531776
51.7526843 -1.2556441
51.7528122 -1.2557862
51.7529340 -1.2493261
51.7507552 -1.2553752
51.7518296 -1.2508238
51.7518235 -1.2509075
51.7531073 -1.2592278
51.7533459 -1.2593063
51.7529804 -1.2589906
51.7533991 -1.2593577
51.7527925 -1.2526528
51.7525449 -1.2506275
51.7526108 -1.2511026
51.7526141 -1.2511233
51.7526456 -1.2514942
51.7526558 -1.2519919
51.7526237 -1.2526175
51.7521811 -1.2561912
51.7548942 -1.2547141
51.7549005 -1.2546096
51.7568395 -1.2557269
51.7513392 -1.2463729
51.7513408 -1.2464031
51.7516509 -1.2469206
51.7516676 -1.2469545
51.7519779 -1.2474974
51.7519856 -1.2475107
51.7523113 -1.2488884
51.7520296 -1.2479599
51.7523914 -1.2493229
51.7519667 -1.2478125
51.7518773 -1.2476244
51.7515448 -1.2470723
51.7516286 -1.2470128
51.7516625 -1.2469602
51.7515644 -1.2471057
51.7526301 -1.2510994
51.7525222 -1.2504498
51.7523998 -1.2493913
51.7563883 -1.2614366
51.7574815 -1.2605532
51.7572242 -1.2612855
51.7572740 -1.2611225
51.7565815 -1.2614700
51.7565864 -1.2614503
51.7511560 -1.2584194
51.7514670 -1.2578805
51.7513784 -1.2584185
51.7511609 -1.2583799
51.7503736 -1.2593779
51.7547089 -1.2547355
51.7547219 -1.2547103
51.7547412 -1.2546761
51.7547605 -1.2546455
51.7547757 -1.2546178
51.7547921 -1.2545920
51.7548032 -1.2545698
51.7548073 -1.2545518
51.7548103 -1.2545242
51.7548077 -1.2544942
51.7548006 -1.2544780
51.7547910 -1.2544588
51.7547791 -1.2544390
51.7547642 -1.2544240
51.7548435 -1.2530631
51.7548308 -1.2529237
51.7569626 -1.2470575
51.7569578 -1.2470781
51.7570016 -1.2467523
51.7570539 -1.2465328
51.7570827 -1.2465481
51.7569856 -1.2467433
51.7570383 -1.2465263
51.7561470 -1.2461910
51.7569005 -1.2465754
51.7539530 -1.2585822
51.7515595 -1.2469002
51.7530955 -1.2621969
51.7549748 -1.2543161
51.7547022 -1.2543691
51.7544831 -1.2541377
51.7548421 -1.2545261
51.7546537 -1.2547859
51.7570073 -1.2479093
51.7569376 -1.2478719
51.7576902 -1.2474568
51.7519937 -1.2576886
51.7526684 -1.2570490
51.7525082 -1.2573700
51.7524203 -1.2577058
51.7512894 -1.2576320
51.7556884 -1.2483071
51.7556454 -1.2481305
51.7555936 -1.2481227
51.7544811 -1.2541504
51.7550288 -1.2601210
51.7550162 -1.2601170
51.7549091 -1.2600899
51.7540912 -1.2525229
51.7570705 -1.2533395
51.7554075 -1.2596215
51.7553920 -1.2597316
51.7554146 -1.2595714
51.7554214 -1.2595230
51.7549327 -1.2612320
51.7544835 -1.2551576
51.7541915 -1.2552382
51.7541870 -1.2549854
51.7541540 -1.2549866
51.7544821 -1.2545323
51.7543065 -1.2553160
51.7541203 -1.2552146
51.7550463 -1.2614294
51.7547138 -1.2513225
51.7548093 -1.2518903
51.7546681 -1.2501620
51.7561992 -1.2658703
51.7563038 -1.2657351
51.7510446 -1.2516283
51.7511044 -1.2516557
51.7516234 -1.2522454
51.7514551 -1.2521945
51.7513991 -1.2521729
51.7585360 -1.2628667
51.7546557 -1.2592092
51.7550230 -1.2601512
51.7536689 -1.2636005
51.7536334 -1.2635512
51.7581012 -1.2549845
51.7580413 -1.2549497
51.7582530 -1.2550728
51.7571340 -1.2463298
51.7571775 -1.2621978
51.7571845 -1.2621714
51.7571824 -1.2621795
51.7541852 -1.2568557
51.7518878 -1.2509592
51.7521599 -1.2508610
51.7522753 -1.2508156
51.7521621 -1.2508798
51.7518874 -1.2511992
51.7546906 -1.2648745
51.7547515 -1.2648768
51.7548013 -1.2648784
51.7529998 -1.2625473
51.7531390 -1.2629957
51.7531906 -1.2629783
51.7531981 -1.2630581
51.7581499 -1.2622512
51.7581314 -1.2622335
51.7580797 -1.2621839
51.7581061 -1.2622092
51.7581153 -1.2621863
51.7518579 -1.2630739
51.7512189 -1.2622011
51.7511700 -1.2623421
51.7511215 -1.2623113
51.7517713 -1.2635199
51.7536342 -1.2548062
51.7537823 -1.2546882
51.7537243 -1.2555505
51.7535518 -1.2554643
51.7539500 -1.2556559
51.7537898 -1.2546203
51.7536114 -1.2547914
51.7539402 -1.2558024
51.7539537 -1.2557172
51.7573107 -1.2533488
51.7576250 -1.2530058
51.7556578 -1.2537297
51.7556066 -1.2535335
51.7555918 -1.2535254
51.7553981 -1.2534199
51.7554403 -1.2531623
51.7554472 -1.2531557
51.7555780 -1.2537366
51.7555996 -1.2536289
51.7556177 -1.2535397
51.7556790 -1.2531248
51.7556689 -1.2531191
51.7554667 -1.2538411
51.7553533 -1.2518164
51.7553507 -1.2520041
51.7554967 -1.2521813
51.7557054 -1.2519401
51.7557029 -1.2522081
51.7557009 -1.2524774
51.7558562 -1.2524928
51.7558944 -1.2524657
51.7558805 -1.2525301
51.7559017 -1.2524928
51.7555595 -1.2521843
51.7555688 -1.2522044
51.7553103 -1.2520014
51.7552069 -1.2524772
51.7555640 -1.2524746
51.7557050 -1.2518142
51.7557051 -1.2517878
51.7536850 -1.2579213
51.7535393 -1.2576896
51.7535067 -1.2572932
51.7532120 -1.2481627
51.7532158 -1.2482379
51.7531046 -1.2464936
51.7522892 -1.2519779
51.7520092 -1.2522002
51.7525375 -1.2523502
51.7524211 -1.2523683
51.7560908 -1.2603163
51.7561956 -1.2602100
51.7561286 -1.2601667
51.7562290 -1.2600298
51.7562333 -1.2600141
51.7562600 -1.2599038
51.7561060 -1.2602525
51.7538268 -1.2628246
51.7538692 -1.2628147
51.7539185 -1.2628031
51.7539622 -1.2627928
51.7540025 -1.2627834
51.7540384 -1.2627749
51.7540732 -1.2627668
51.7541076 -1.2627587
51.7541459 -1.2627497
51.7541805 -1.2627416
51.7542166 -1.2627325
51.7542494 -1.2627247
51.7542786 -1.2627189
51.7544671 -1.2567848
51.7542791 -1.2582321
51.7542134 -1.2583622
51.7541990 -1.2573009
51.7542506 -1.2575366
51.7542599 -1.2573055
51.7542107 -1.2573018
51.7542682 -1.2571031
51.7542932 -1.2567229
51.7541977 -1.2582229
51.7542696 -1.2582327
51.7543297 -1.2577837
51.7543737 -1.2574705
51.7544015 -1.2572627
51.7544173 -1.2571178
51.7544364 -1.2569438
51.7544517 -1.2567791
51.7524341 -1.2577139
51.7517082 -1.2609642
51.7512582 -1.2464994
51.7510668 -1.2461440
51.7513324 -1.2463873
51.7531864 -1.2559769
51.7531934 -1.2559500
51.7532108 -1.2556974
51.7531721 -1.2558020
51.7531632 -1.2560689
51.7530875 -1.2557483
51.7530788 -1.2557445
51.7529125 -1.2558104
51.7529011 -1.2558177
51.7531574 -1.2557903
51.7532350 -1.2555061
51.7532428 -1.2554395
51.7532162 -1.2556643
51.7530427 -1.2503954
51.7530281 -1.2502768
51.7530368 -1.2502561
51.7535320 -1.2498459
51.7536092 -1.2496894
51.7512290 -1.2556874
51.7525709 -1.2511314
51.7518475 -1.2509095
51.7514259 -1.2472653
51.7513873 -1.2472972
51.7513213 -1.2472225
51.7512766 -1.2472133
51.7512494 -1.2471171
51.7516040 -1.2601724
51.7576847 -1.2536165
51.7546575 -1.2553683
51.7566793 -1.2463370
51.7569230 -1.2464651
51.7561578 -1.2528307
51.7561722 -1.2530559
51.7517777 -1.2530271
51.7526295 -1.2514962
51.7525387 -1.2514898
51.7520235 -1.2506783
51.7521384 -1.2506400
51.7522441 -1.2505576
51.7556359 -1.2531013
51.7555455 -1.2530539
51.7555153 -1.2530373
51.7555035 -1.2530309
51.7555538 -1.2532039
51.7555731 -1.2530985
51.7555694 -1.2529369
51.7556600 -1.2529872
51.7554407 -1.2528711
51.7553950 -1.2528448
51.7556761 -1.2531355
51.7555011 -1.2530412
51.7518509 -1.2530653
51.7545872 -1.2492218
51.7543159 -1.2490220
51.7523136 -1.2659529
51.7560905 -1.2652165
51.7530178 -1.2500830
2213
1 2 1
2 3 1
4 5 1
6 7 1
7 8 1
8 9 1
10 11 1
11 12 1
13 14 1
14 8 1
15 16 1
14 15 1
15 17 1
17 18 1
10 19 1
19 20 1
20 1 1
1 21 1
22 23 1
23 24 1
25 26 1
27 28 1
29 30 1
31 32 1
32 33 1
33 34 1
35 36 1
36 37 1
37 26 1
26 38 1
38 39 1
37 40 1
41 42 1
43 44 1
44 45 1
46 47 1
49 50 1
50 51 1
51 52 1
52 53 1
53 54 1
54 55 1
55 52 1
46 56 1
56 57 1
57 58 1
59 60 1
60 61 1
61 62 1
62 63 1
63 64 1
64 65 1
65 66 1
66 67 1
67 68 1
68 69 1
69 70 1
71 72 1
73 74 1
74 75 1
75 76 1
76 77 1
77 78 1
78 79 1
79 80 1
80 81 1
81 82 1
82 13 1
13 41 1
41 6 1
6 40 1
40 83 1
83 84 1
84 85 1
85 71 1
73 86 1
86 18 1
87 88 1
89 90 1
91 92 1
92 93 1
93 94 1
95 96 1
96 97 1
97 98 1
99 100 1
100 101 1
101 102 1
103 104 1
104 105 1
67 106 1
106 107 1
107 108 1
109 110 1
110 111 1
111 108 1
112 113 1
113 114 1
114 115 1
115 116 1
116 117 1
117 118 1
118 102 1
102 119 1
119 120 1
120 121 1
121 122 1
121 123 1
123 124 1
31 125 1
125 126 1
126 127 1
127 122 1
128 129 1
129 130 1
131 132 1
132 128 1
133 134 1
135 136 1
137 138 1
138 136 1
98 139 1
140 141 1
141 142 1
143 144 1
144 145 1
145 146 1
147 148 1
148 149 1
150 151 1
151 152 1
152 153 1
153 154 1
154 155 1
155 156 1
156 157 1
157 158 1
158 159 1
159 149 1
150 160 1
160 161 1
161 162 1
162 163 1
163 143 1
164 165 1
89 166 1
167 168 1
168 169 1
170 171 1
172 173 1
173 174 1
174 175 1
172 176 1
176 177 1
177 178 1
179 180 1
181 182 1
182 183 1
184 185 1
186 187 1
188 189 1
189 190 1
191 192 1
194 195 1
195 196 1
196 197 1
198 199 1
199 197 1
196 200 1
201 202 1
203 204 1
204 205 1
205 206 1
206 2 1
207 208 1
208 209 1
209 210 1
210 211 1
212 213 1
213 214 1
77 215 1
80 216 1
81 217 1
75 218 1
219 220 1
221 222 1
222 223 1
224 225 1
226 227 1
214 228 1
229 230 1
230 231 1
232 103 1
103 233 1
127 234 1
234 235 1
236 237 1
238 239 1
239 240 1
240 153 1
241 242 1
242 243 1
243 244 1
245 246 1
247 192 1
248 249 1
250 251 1
252 253 1
124 61 1
254 255 1
256 257 1
257 258 1
161 259 1
259 260 1
260 261 1
261 262 1
263 264 1
265 266 1
266 267 1
267 268 1
268 269 1
269 270 1
270 271 1
271 272 1
272 273 1
273 274 1
274 275 1
275 276 1
276 265 1
277 278 1
278 279 1
279 280 1
280 277 1
281 25 1
35 282 1
282 84 1
283 284 1
284 285 1
285 176 1
194 276 1
276 287 1
287 267 1
267 288 1
289 290 1
290 193 1
193 194 1
291 39 1
39 35 1
34 256 1
256 254 1
292 293 1
293 294 1
294 295 1
295 296 1
296 297 1
298 289 1
289 299 1
299 300 1
300 301 1
302 303 1
303 304 1
304 72 1
253 305 1
46 306 1
307 308 1
308 178 1
178 309 1
309 283 1
283 310 1
310 311 1
311 312 1
312 91 1
250 313 1
313 231 1
231 314 1
314 315 1
315 233 1
233 316 1
316 317 1
317 112 1
302 318 1
318 319 1
319 320 1
320 321 1
321 322 1
94 323 1
323 137 1
137 133 1
133 324 1
324 325 1
325 326 1
135 324 1
150 327 1
327 328 1
329 330 1
184 331 1
331 183 1
183 332 1
332 333 1
334 236 1
236 335 1
190 336 1
336 147 1
337 338 1
339 340 1
341 28 1
342 343 1
343 344 1
345 346 1
347 348 1
348 349 1
349 350 1
22 351 1
351 352 1
352 353 1
352 341 1
354 355 1
146 356 1
356 357 1
195 275 1
275 358 1
359 360 1
359 361 1
361 362 1
362 31 1
360 297 1
363 364 1
364 166 1
365 139 1
98 366 1
366 307 1
367 368 1
368 66 1
369 370 1
370 371 1
371 372 1
372 91 1
149 354 1
354 202 1
365 326 1
88 373 1
373 374 1
375 376 1
376 377 1
377 167 1
167 378 1
378 379 1
379 380 1
380 381 1
381 382 1
377 383 1
384 376 1
376 385 1
385 386 1
378 387 1
380 388 1
381 389 1
364 390 1
390 391 1
391 392 1
382 393 1
394 395 1
395 396 1
396 397 1
397 398 1
398 399 1
396 400 1
400 401 1
402 403 1
375 373 1
404 405 1
405 406 1
407 408 1
408 409 1
409 406 1
306 410 1
410 411 1
411 412 1
3 413 1
414 415 1
51 416 1
21 417 1
417 418 1
418 419 1
419 211 1
211 420 1
420 421 1
421 422 1
422 423 1
424 425 1
425 360 1
426 427 1
427 301 1
268 428 1
428 429 1
12 430 1
430 431 1
431 9 1
5 431 1
202 353 1
353 432 1
432 433 1
434 435 1
436 437 1
437 156 1
438 334 1
439 247 1
239 440 1
441 436 1
192 442 1
440 436 1
152 443 1
443 444 1
134 445 1
445 446 1
42 447 1
447 448 1
187 449 1
122 450 1
450 451 1
451 252 1
191 246 1
452 191 1
245 148 1
24 453 1
453 454 1
454 455 1
455 456 1
456 448 1
325 446 1
446 457 1
457 396 1
458 459 1
175 308 1
175 307 1
460 404 1
404 407 1
407 461 1
58 462 1
70 463 1
464 465 1
69 466 1
464 230 1
230 467 1
467 103 1
461 408 1
408 468 1
363 89 1
166 426 1
469 403 1
403 87 1
198 470 1
470 471 1
471 472 1
146 140 1
140 288 1
288 298 1
374 384 1
384 383 1
383 387 1
387 401 1
401 388 1
388 389 1
473 474 1
474 475 1
475 476 1
476 477 1
477 478 1
478 479 1
480 476 1
475 481 1
481 473 1
482 481 1
481 474 1
254 483 1
416 484 1
485 189 1
58 486 1
487 488 1
488 489 1
490 491 1
492 493 1
493 494 1
57 495 1
496 497 1
498 499 1
499 48 1
48 500 1
501 502 1
503 501 1
501 503 1
504 505 1
505 506 1
506 507 1
507 508 1
509 508 1
508 188 1
188 438 1
510 509 1
511 512 1
185 511 1
513 514 1
514 164 1
164 184 1
338 515 1
515 516 1
506 517 1
517 518 1
518 519 1
519 520 1
520 516 1
449 504 1
521 513 1
523 524 1
524 525 1
525 526 1
29 527 1
527 298 1
86 528 1
529 530 1
531 343 1
343 532 1
533 534 1
534 340 1
340 531 1
531 529 1
529 533 1
115 535 1
535 536 1
537 538 1
538 457 1
457 539 1
539 540 1
540 541 1
541 542 1
496 497 1
497 394 1
394 400 1
400 543 1
543 469 1
544 545 1
420 546 1
547 548 1
549 547 1
335 550 1
550 551 1
328 552 1
552 335 1
553 554 1
554 307 1
555 556 1
557 558 1
558 556 1
557 559 1
560 561 1
561 544 1
544 560 1
461 131 1
131 563 1
563 250 1
564 558 1
558 565 1
419 566 1
556 564 1
564 557 1
557 565 1
565 567 1
567 556 1
568 228 1
228 569 1
569 248 1
248 249 1
249 510 1
468 405 1
464 313 1
313 570 1
251 571 1
571 572 1
572 573 1
573 574 1
574 575 1
575 31 1
272 576 1
576 371 1
577 578 1
301 579 1
579 89 1
45 580 1
580 581 1
581 424 1
582 583 1
584 585 1
585 584 1
586 587 1
588 502 1
502 585 1
585 589 1
589 494 1
494 586 1
586 588 1
330 590 1
591 582 1
587 592 1
592 329 1
592 591 1
589 593 1
594 500 1
500 594 1
595 257 1
465 409 1
409 468 1
462 458 1
486 596 1
596 597 1
597 598 1
329 599 1
599 600 1
600 598 1
601 602 1
596 603 1
604 596 1
605 601 1
602 599 1
606 607 1
608 609 1
610 611 1
611 606 1
612 613 1
613 614 1
615 616 1
617 608 1
608 618 1
618 619 1
619 615 1
620 617 1
621 622 1
622 623 1
624 320 1
616 623 1
623 624 1
321 620 1
618 625 1
625 625 1
607 626 1
626 621 1
117 627 1
536 628 1
535 629 1
116 630 1
630 631 1
632 631 1
631 633 1
633 634 1
634 635 1
635 636 1
636 632 1
636 637 1
637 638 1
639 640 1
640 641 1
575 642 1
642 643 1
643 644 1
379 645 1
645 646 1
646 647 1
647 648 1
469 649 1
97 650 1
651 652 1
652 653 1
653 654 1
654 655 1
655 651 1
654 656 1
656 652 1
657 658 1
658 659 1
659 657 1
659 660 1
348 534 1
661 662 1
328 434 1
264 663 1
435 661 1
154 664 1
664 665 1
666 441 1
551 337 1
667 668 1
442 666 1
669 670 1
672 673 1
673 674 1
674 675 1
675 672 1
677 676 1
676 678 1
310 679 1
678 174 1
173 680 1
174 177 1
177 284 1
171 677 1
680 170 1
395 539 1
539 681 1
682 683 1
683 684 1
685 686 1
687 688 1
689 690 1
686 691 1
691 692 1
692 693 1
694 682 1
684 695 1
445 689 1
681 696 1
696 697 1
697 698 1
698 685 1
699 700 1
700 701 1
702 703 1
703 704 1
704 549 1
564 705 1
706 417 1
559 702 1
705 706 1
650 707 1
708 709 1
710 711 1
711 712 1
712 713 1
713 714 1
714 639 1
714 641 1
715 716 1
717 710 1
718 719 1
719 717 1
717 715 1
716 719 1
720 711 1
721 712 1
386 722 1
722 723 1
132 721 1
466 725 1
725 726 1
726 107 1
119 727 1
278 27 1
27 728 1
728 29 1
729 730 1
730 731 1
732 733 1
734 735 1
736 737 1
737 738 1
738 739 1
740 731 1
731 741 1
741 742 1
572 743 1
743 744 1
744 745 1
730 741 1
741 746 1
660 747 1
747 655 1
655 656 1
656 653 1
653 748 1
749 750 1
748 749 1
751 521 1
752 17 1
753 754 1
754 89 1
753 755 1
755 90 1
90 496 1
570 756 1
756 757 1
757 758 1
16 759 1
759 79 1
202 279 1
279 278 1
94 198 1
448 281 1
281 750 1
750 760 1
760 424 1
761 761 1
709 538 1
538 398 1
316 762 1
762 763 1
763 764 1
765 766 1
766 767 1
765 113 1
317 768 1
768 764 1
397 543 1
770 771 1
772 773 1
774 775 1
776 777 1
771 778 1
779 777 1
777 773 1
773 774 1
774 779 1
780 781 1
782 783 1
783 784 1
784 785 1
786 269 1
269 673 1
673 787 1
358 786 1
786 287 1
59 788 1
459 789 1
358 790 1
790 274 1
274 273 1
273 272 1
791 792 1
792 793 1
793 794 1
794 227 1
227 23 1
23 580 1
580 301 1
301 795 1
795 44 1
44 524 1
524 351 1
351 791 1
649 402 1
796 797 1
797 798 1
798 799 1
799 800 1
800 801 1
649 399 1
399 95 1
802 83 1
83 803 1
804 56 1
56 490 1
805 306 1
306 806 1
756 807 1
808 63 1
465 563 1
217 350 1
350 530 1
530 344 1
344 809 1
807 251 1
810 162 1
162 811 1
812 434 1
434 813 1
814 145 1
145 815 1
816 158 1
817 527 1
527 141 1
141 814 1
814 811 1
811 259 1
259 818 1
818 819 1
819 664 1
664 820 1
820 821 1
821 663 1
663 822 1
157 821 1
812 823 1
823 824 1
824 810 1
810 825 1
819 151 1
151 826 1
827 828 1
823 160 1
160 818 1
829 327 1
327 812 1
155 820 1
830 827 1
827 828 1
828 831 1
832 833 1
834 835 1
835 825 1
835 332 1
332 836 1
837 514 1
514 838 1
839 837 1
837 165 1
165 840 1
841 838 1
838 185 1
185 842 1
843 841 1
844 182 1
182 836 1
836 845 1
845 846 1
846 847 1
847 679 1
840 844 1
842 834 1
833 839 1
848 849 1
849 576 1
576 850 1
850 851 1
851 852 1
852 853 1
512 854 1
854 843 1
855 520 1
520 186 1
512 515 1
515 186 1
856 550 1
550 552 1
552 829 1
829 826 1
813 857 1
858 754 1
754 755 1
755 542 1
859 300 1
300 860 1
537 96 1
861 427 1
862 579 1
579 863 1
864 865 1
865 385 1
385 168 1
168 645 1
645 393 1
393 688 1
688 392 1
866 554 1
846 372 1
372 850 1
847 312 1
312 867 1
851 92 1
92 868 1
869 470 1
470 870 1
871 106 1
872 411 1
411 873 1
852 93 1
93 874 1
875 304 1
304 876 1
877 85 1
85 878 1
879 880 1
880 881 1
882 883 1
883 884 1
885 799 1
886 885 1
885 887 1
887 888 1
888 886 1
887 800 1
888 798 1
218 889 1
889 345 1
345 219 1
219 222 1
222 224 1
224 890 1
347 220 1
220 891 1
215 346 1
346 347 1
891 339 1
339 223 1
223 342 1
342 225 1
225 892 1
216 349 1
893 894 1
895 221 1
809 456 1
892 454 1
532 455 1
890 453 1
24 895 1
896 897 1
897 898 1
898 896 1
789 253 1
899 900 1
255 899 1
788 305 1
258 901 1
901 235 1
902 903 1
903 904 1
904 905 1
905 906 1
906 907 1
908 909 1
450 908 1
483 902 1
910 911 1
907 898 1
912 913 1
905 910 1
904 914 1
914 915 1
916 913 1
913 916 1
917 917 1
918 919 1
919 920 1
920 921 1
921 922 1
922 923 1
911 920 1
909 924 1
924 921 1
921 912 1
925 613 1
613 318 1
806 804 1
495 491 1
873 806 1
4 926 1
928 929 1
930 931 1
932 933 1
933 934 1
934 935 1
935 936 1
936 937 1
938 939 1
940 941 1
941 942 1
942 943 1
944 945 1
945 946 1
947 948 1
948 942 1
949 950 1
950 951 1
951 952 1
953 954 1
954 955 1
956 951 1
940 957 1
957 958 1
847 959 1
960 961 1
952 956 1
936 958 1
932 941 1
962 963 1
934 950 1
964 965 1
965 966 1
966 967 1
967 695 1
695 968 1
969 970 1
971 972 1
972 970 1
970 757 1
972 969 1
973 974 1
975 976 1
976 974 1
974 977 1
976 978 1
979 980 1
980 981 1
981 982 1
983 984 1
984 985 1
985 986 1
987 986 1
986 983 1
988 989 1
989 990 1
990 991 1
991 988 1
992 993 1
994 995 1
995 996 1
995 997 1
998 999 1
999 997 1
997 1000 1
1000 1001 1
1001 998 1
1002 1003 1
1003 1004 1
1004 1002 1
1005 1001 1
1006 1000 1
1007 999 1
1008 1005 1
1005 1007 1
1007 994 1
1009 309 1
1010 1011 1
1012 1013 1
1014 1015 1
1015 968 1
1016 1017 1
1017 1018 1
1018 1019 1
1019 1011 1
1011 1020 1
1020 1021 1
1021 1022 1
1022 1012 1
1012 1016 1
1023 1024 1
1024 1025 1
1025 1022 1
1020 1023 1
1019 1010 1
1017 1013 1
1013 1018 1
1026 739 1
739 734 1
734 738 1
1027 1028 1
1028 746 1
1029 1030 1
1030 110 1
472 753 1
389 363 1
1031 861 1
861 1032 1
1032 863 1
863 1033 1
1033 1031 1
1034 1035 1
1035 1036 1
1036 1037 1
1032 1033 1
542 1034 1
1034 869 1
869 1038 1
1039 356 1
356 428 1
674 787 1
787 675 1
287 266 1
266 290 1
817 859 1
859 795 1
795 1040 1
1041 1042 1
1043 1044 1
1044 1045 1
1046 1043 1
1043 1041 1
1041 1047 1
1047 1046 1
1048 1049 1
1049 1042 1
1050 1051 1
1051 740 1
740 1052 1
1052 1051 1
78 1054 1
1054 1053 1
76 1055 1
402 87 1
433 792 1
792 226 1
226 22 1
22 523 1
523 45 1
45 1040 1
1040 301 1
1056 648 1
648 1057 1
1057 1058 1
1058 1059 1
930 1060 1
1060 1061 1
1061 1062 1
1062 1063 1
1064 931 1
931 1065 1
1065 1061 1
1066 1067 1
561 1066 1
1067 54 1
403 374 1
801 797 1
1068 1069 1
1070 1071 1
1072 1069 1
574 1070 1
1071 1073 1
1047 1072 1
1049 1074 1
1075 1048 1
1048 1074 1
573 758 1
758 1075 1
1076 1077 1
1077 1045 1
1045 1076 1
745 735 1
735 1014 1
1014 1021 1
1021 1024 1
1073 1068 1
1068 1078 1
1078 1079 1
1079 1073 1
766 1080 1
763 1080 1
1081 1082 1
944 1083 1
1083 1084 1
1084 285 1
1085 1086 1
1086 1087 1
1087 938 1
938 1081 1
47 487 1
487 49 1
49 492 1
993 1089 1
1090 1091 1
959 1092 1
1092 1093 1
1093 1087 1
1094 1090 1
1082 1091 1
1095 1096 1
1096 982 1
982 1097 1
1098 1099 1
1099 1100 1
1102 1103 1
1099 1103 1
1103 1104 1
1106 1107 1
1107 1105 1
1105 1108 1
1108 1109 1
1109 1110 1
1111 1112 1
60 1114 1
1116 1109 1
1108 1117 1
1117 1111 1
1111 1118 1
1118 1102 1
1102 1098 1
1098 1100 1
1100 1113 1
1113 1115 1
1115 1119 1
1119 1110 1
1118 1119 1
1117 1107 1
14 1120 1
1120 1121 1
1122 1123 1
1123 1124 1
1124 1125 1
1125 1126 1
1127 1120 1
679 935 1
1128 1129 1
1130 1131 1
1132 948 1
1133 1134 1
1131 1128 1
1135 1136 1
1136 957 1
1137 1092 1
1092 1138 1
1139 1136 1
957 933 1
933 1094 1
1129 954 1
1140 937 1
1141 1130 1
1130 1141 1
1142 1059 1
1059 1143 1
1143 1144 1
169 1142 1
1057 1145 1
1145 1146 1
1146 1147 1
1058 647 1
1112 123 1
1104 451 1
1114 1106 1
1106 1101 1
723 1148 1
1148 130 1
722 1149 1
1149 1143 1
1150 1149 1
1144 128 1
1151 700 1
1152 1153 1
1154 1155 1
1153 646 1
1156 1157 1
1157 1158 1
1158 1154 1
1154 1159 1
1159 1160 1
1160 1161 1
1161 699 1
699 1162 1
1162 1156 1
701 687 1
1163 1151 1
1065 1152 1
391 1163 1
1148 865 1
1164 1165 1
1165 1166 1
1166 560 1
560 561 1
1165 546 1
1164 548 1
548 1166 1
546 1164 1
545 562 1
562 55 1
126 1167 1
1168 1169 1
1170 1171 1
1172 1173 1
1173 1174 1
1174 1175 1
1175 1176 1
1177 1178 1
1178 1179 1
1176 1170 1
1171 1177 1
1079 1180 1
200 1181 1
1182 1183 1
517 505 1
1183 569 1
1185 1186 1
1186 1184 1
1184 1182 1
1187 1188 1
1189 1190 1
1190 1191 1
1188 1189 1
1192 74 1
1193 1194 1
1195 1196 1
1197 1198 1
1198 1199 1
1199 1195 1
1196 1200 1
1201 1197 1
610 614 1
873 318 1
1147 1204 1
1204 571 1
1205 1206 1
1206 249 1
507 1205 1
1207 1208 1
1208 1209 1
1210 1211 1
1211 1208 1
1212 1213 1
1213 1212 1
1214 1215 1
1215 1214 1
421 1216 1
1216 1217 1
1218 693 1
1220 1221 1
1222 1223 1
1224 1220 1
1223 1224 1
1224 1225 1
1226 1227 1
1225 1226 1
1226 1227 1
1228 1222 1
1222 1221 1
1221 1222 1
1229 1230 1
1230 1231 1
1232 1230 1
772 1233 1
1233 1234 1
1234 1235 1
1241 781 1
781 1242 1
1242 1241 1
1202 36 1
36 1242 1
775 38 1
1245 1246 1
1247 939 1
939 947 1
947 962 1
962 1247 1
1245 1244 1
1244 1243 1
1243 961 1
961 1133 1
1133 963 1
963 1248 1
1248 1249 1
1249 1250 1
1250 1249 1
423 414 1
414 973 1
973 1251 1
1251 410 1
604 583 1
629 628 1
1253 784 1
784 776 1
1254 783 1
783 776 1
776 785 1
785 1255 1
1255 1253 1
1253 1254 1
1088 104 1
104 316 1
297 359 1
648 1145 1
1204 965 1
1015 1257 1
1257 964 1
1146 966 1
1259 1260 1
1260 968 1
1260 1261 1
1060 1258 1
512 857 1
1262 856 1
186 1262 1
1263 1264 1
1264 1265 1
1265 1266 1
1266 1267 1
1267 1268 1
1268 1269 1
1269 1270 1
1270 1271 1
1271 1269 1
1272 1273 1
1274 1275 1
1275 1276 1
1277 1272 1
1265 1273 1
1266 1276 1
1278 1279 1
1267 1280 1
1279 1280 1
1281 1263 1
1263 1282 1
1271 1282 1
1282 1281 1
1281 1268 1
1283 1278 1
1278 1274 1
1274 1277 1
1277 1283 1
1284 879 1
879 1285 1
1285 484 1
484 1286 1
1286 882 1
882 1287 1
1287 1284 1
1288 1289 1
1289 1290 1
728 1291 1
1292 1290 1
1290 1293 1
30 1292 1
1292 1289 1
1289 1293 1
1293 1291 1
99 315 1
1295 1295 1
564 556 1
556 567 1
567 565 1
565 557 1
557 564 1
1296 1297 1
1297 1297 1
611 626 1
626 611 1
1298 1298 1
1044 1077 1
1179 1299 1
1300 1300 1
1013 1010 1
1025 1013 1
1010 1023 1
1301 1301 1
1302 1303 1
1303 1302 1
1304 1303 1
1303 1302 1
1302 1304 1
1305 1305 1
1306 1027 1
1052 1306 1
1307 1308 1
1151 1161 1
1309 1160 1
1308 683 1
1310 1311 1
1157 930 1
1307 1312 1
967 1257 1
1313 1314 1
1316 577 1
1317 1318 1
1319 1320 1
1320 1321 1
1321 1319 1
1322 1320 1
1320 1319 1
1321 1323 1
578 1325 1
1325 1326 1
1325 1324 1
1324 1315 1
1315 1327 1
980 1329 1
1329 1330 1
1330 1331 1
1330 1332 1
1332 205 1
1333 1334 1
985 1333 1
1334 990 1
1335 1336 1
1337 1338 1
1338 1339 1
1339 1338 1
1340 1341 1
1336 1342 1
1343 1003 1
1335 1339 1
1344 1340 1
1004 1341 1
1341 1342 1
1345 1346 1
1346 1347 1
1347 1345 1
1348 1347 1
1193 1348 1
1346 1349 1
915 917 1
1316 1317 1
1317 1350 1
1313 1351 1
1351 1352 1
1352 1316 1
1353 1322 1
1354 1350 1
1350 1318 1
1318 1314 1
1314 1328 1
1328 1313 1
1323 1354 1
1355 1356 1
1357 1356 1
1326 1357 1
1200 1358 1
1359 1175 1
1078 1360 1
1361 1173 1
1180 1359 1
1360 1361 1
1312 1362 1
683 1311 1
1155 1363 1
1362 1310 1
1363 1312 1
1312 694 1
1063 1056 1
1364 1365 1
1365 1366 1
1366 1367 1
1367 1364 1
1366 1368 1
1369 1370 1
1370 1369 1
1371 1370 1
32 1372 1
1372 1371 1
1374 1375 1
1375 1374 1
1235 1373 1
1373 1376 1
1376 1377 1
1377 1377 1
704 703 1
1378 1138 1
1138 1378 1
1379 1380 1
1380 1381 1
760 1382 1
1382 1383 1
1383 1384 1
1384 1381 1
1381 1384 1
1385 1385 1
1386 1387 1
1388 1389 1
1390 1391 1
1392 1388 1
1393 1386 1
1394 1395 1
1396 1390 1
1387 1397 1
1399 1400 1
1401 1398 1
1398 1394 1
1389 1402 1
1402 1397 1
1397 1391 1
1391 1402 1
1403 1386 1
1386 1396 1
1404 1395 1
1395 1400 1
1400 1392 1
1392 1399 1
1399 1404 1
1405 1406 1
903 906 1
1407 1349 1
1349 1407 1
1408 1126 1
1126 1008 1
1008 1006 1
1006 996 1
733 1050 1
1216 1409 1
1409 1410 1
1411 1412 1
1413 526 1
1414 1412 1
1412 1411 1
848 815 1
815 1039 1
1039 271 1
845 370 1
370 849 1
802 282 1
282 1415 1
1415 925 1
1416 1417 1
1417 1418 1
1418 1419 1
1419 1420 1
1420 992 1
992 1421 1
1421 803 1
803 413 1
413 926 1
926 7 1
878 1415 1
877 1421 1
875 1420 1
925 876 1
1422 82 1
1423 643 1
643 744 1
744 743 1
743 642 1
642 1424 1
1424 1423 1
1425 1425 1
1426 1285 1
1427 499 1
499 1428 1
1428 1429 1
1429 1430 1
1430 1431 1
1431 493 1
493 488 1
488 490 1
805 1432 1
1433 1432 1
1432 1434 1
1435 50 1
50 1433 1
1436 882 1
884 1430 1
879 1437 1
881 1428 1
1287 1438 1
1438 1439 1
484 1440 1
1440 1287 1
1439 1429 1
1441 1417 1
302 1416 1
1416 1442 1
1442 872 1
872 1443 1
1434 1251 1
1251 1443 1
1447 1447 1
1448 1449 1
1449 1448 1
1448 1449 1
1449 1448 1
1451 1452 1
1452 1453 1
1454 201 1
1455 1456 1
1456 1457 1
1457 1458 1
1458 1459 1
1459 1460 1
1460 1461 1
1461 1462 1
1462 1463 1
1463 1464 1
1464 1465 1
1465 1466 1
1466 1467 1
1467 1468 1
1468 1455 1
234 1469 1
1469 1470 1
1471 1472 1
1472 1473 1
1473 1474 1
1474 1475 1
1475 1471 1
1476 1473 1
1473 1474 1
1474 1477 1
1477 1476 1
1478 1030 1
1030 1479 1
1479 367 1
367 871 1
871 368 1
1134 1247 1
1247 1085 1
1481 498 1
498 522 1
1482 263 1
142 262 1
262 1482 1
1431 593 1
1483 1371 1
1371 1372 1
1372 1483 1
1468 1484 1
1484 1255 1
1255 785 1
785 772 1
772 1233 1
1233 1485 1
1485 1486 1
1486 928 1
928 1487 1
1487 1455 1
1455 1456 1
1456 1457 1
1457 1458 1
1458 1459 1
1459 1460 1
1460 1461 1
1461 1462 1
1462 1463 1
1463 1464 1
1464 1465 1
1465 1466 1
1466 1467 1
1467 1468 1
1487 771 1
771 1484 1
1484 1468 1
1468 1455 1
1455 1487 1
1488 1489 1
792 793 1
793 794 1
794 1491 1
1491 432 1
432 791 1
791 792 1
1492 219 1
894 1492 1
1493 893 1
1494 1493 1
227 1494 1
528 1495 1
1495 1453 1
1453 1450 1
64 1496 1
1497 1498 1
437 240 1
240 443 1
443 826 1
1499 785 1
1499 1485 1
1485 33 1
471 1500 1
1500 1501 1
1501 1502 1
900 1503 1
322 1503 1
492 883 1
883 1438 1
1438 880 1
880 1481 1
638 1504 1
1505 1506 1
1507 1505 1
1506 1214 1
1508 1507 1
541 1508 1
1509 199 1
199 853 1
929 1510 1
136 133 1
1512 1513 1
1253 1514 1
1516 1513 1
1513 782 1
782 1510 1
1510 927 1
927 1511 1
1511 1516 1
1038 323 1
323 1517 1
778 1514 1
1424 362 1
362 1486 1
139 365 1
197 286 1
924 1518 1
1518 1519 1
1519 919 1
924 1520 1
1250 1521 1
1521 946 1
945 1522 1
1522 1522 1
1523 1524 1
1524 567 1
1525 1526 1
1526 1527 1
1527 418 1
433 1491 1
1491 73 1
867 868 1
868 874 1
874 1517 1
858 862 1
862 1529 1
1529 860 1
1530 870 1
870 1509 1
1530 1500 1
1500 858 1
1531 1532 1
333 1531 1
1531 369 1
369 1532 1
1532 333 1
1533 1534 1
1535 1533 1
1534 467 1
467 314 1
1536 1475 1
1475 1474 1
1474 1477 1
1477 1536 1
1537 1538 1
1537 1539 1
1539 1538 1
987 208 1
1541 1542 1
1542 1543 1
1544 209 1
1541 1545 1
1248 1546 1
1546 1547 1
1547 1548 1
943 1548 1
1270 1549 1
1549 262 1
1549 1550 1
1550 1551 1
1551 261 1
1550 1552 1
1552 260 1
977 978 1
1553 1554 1
1554 1556 1
1556 1555 1
1557 1556 1
163 1532 1
1532 144 1
34 1234 1
1234 291 1
831 1558 1
1559 1559 1
1560 1560 1
1561 1561 1
1562 1558 1
1558 238 1
238 244 1
244 1562 1
1563 1564 1
1564 1565 1
1566 1565 1
1565 1567 1
1568 1569 1
1569 1563 1
1564 1568 1
1570 1571 1
1380 1570 1
1571 1567 1
698 697 1
635 637 1
1572 634 1
1573 633 1
1168 1574 1
1575 1576 1
1576 1577 1
1577 1578 1
1578 1579 1
1172 1580 1
1580 1581 1
1581 1582 1
1582 1575 1
1582 1583 1
1583 1584 1
1174 1585 1
1585 1178 1
1585 1580 1
1574 1172 1
1586 1587 1
1587 1588 1
1589 1590 1
1590 1591 1
1591 1592 1
1593 1592 1
1592 1594 1
1594 1595 1
1595 1593 1
1596 1597 1
1597 1590 1
1588 1596 1
1587 1598 1
1599 1600 1
1600 1597 1
1601 1589 1
1591 1600 1
1601 1602 1
1602 120 1
1365 1604 1
1604 1366 1
1367 1604 1
1605 1365 1
658 1605 1
1606 600 1
597 1607 1
1607 1606 1
1608 590 1
583 489 1
1609 1095 1
1089 991 1
991 989 1
989 1609 1
1097 1610 1
1611 1612 1
1612 981 1
690 1613 1
1614 1615 1
1615 1616 1
1616 1614 1
1617 1618 1
1616 1617 1
1618 540 1
1619 1615 1
1613 1619 1
1215 1037 1
1037 1213 1
328 551 1
434 671 1
671 668 1
668 670 1
670 667 1
667 669 1
669 662 1
662 824 1
824 161 1
357 1620 1
1620 1621 1
1621 1622 1
1622 1623 1
1623 1624 1
1624 1625 1
1625 1626 1
1626 1627 1
1627 1628 1
1628 1629 1
1629 1630 1
1630 1631 1
1631 1632 1
737 1633 1
1633 732 1
732 1634 1
1634 1635 1
1635 1636 1
1636 425 1
1637 294 1
1638 1639 1
1639 1636 1
295 1640 1
293 1637 1
1637 1638 1
1638 1640 1
1640 1641 1
1641 360 1
1642 292 1
292 1643 1
1643 1644 1
1644 1645 1
1645 1646 1
1646 1647 1
1647 1648 1
1648 1649 1
1649 296 1
296 1641 1
1641 1639 1
1639 1642 1
1643 1634 1
1634 733 1
733 1633 1
1633 1649 1
1649 1648 1
1648 1647 1
1647 1646 1
1646 1645 1
1645 1644 1
1644 1643 1
426 1635 1
1635 292 1
1650 1494 1
1494 1493 1
1493 1650 1
429 674 1
675 270 1
270 790 1
1651 159 1
412 302 1
1652 1437 1
1437 1440 1
1440 1436 1
1436 1286 1
1286 1435 1
1653 1652 1
1654 1427 1
1655 1656 1
1656 1657 1
1657 1658 1
1658 1656 1
1659 447 1
1660 1661 1
1661 1662 1
1662 1661 1
1663 1406 1
1662 1663 1
1658 1664 1
1664 1660 1
1659 1655 1
1665 1666 1
1657 1667 1
1667 1665 1
319 1668 1
1668 1669 1
1669 1670 1
1201 1671 1
1671 1296 1
1672 1296 1
1121 1673 1
1673 1125 1
303 1418 1
1418 1674 1
1674 207 1
1675 1541 1
1409 1675 1
1545 210 1
416 1676 1
1676 1677 1
1677 480 1
1676 1678 1
1679 1678 1
1680 477 1
354 1681 1
1681 280 1
822 1681 1
767 1682 1
1682 762 1
1683 361 1
644 1683 1
1187 68 1
1684 1685 1
1479 111 1
111 1685 1
1472 725 1
1490 463 1
1496 1497 1
1375 125 1
1207 1210 1
1210 1209 1
1209 1602 1
1602 1686 1
1686 1687 1
1687 99 1
713 640 1
30 43 1
180 20 1
1181 1529 1
1331 1688 1
1688 206 1
1689 1690 1
1690 984 1
1689 1419 1
1691 1692 1
1217 1691 1
1542 1544 1
1693 1692 1
1584 1694 1
1695 1696 1
1579 1697 1
1697 1696 1
1577 1299 1
1578 1698 1
1698 1576 1
1698 1699 1
1695 1700 1
1700 1701 1
1701 1169 1
1700 1702 1
1694 1701 1
1702 1703 1
1583 1704 1
1697 1705 1
1704 1699 1
1699 1705 1
100 1687 1
101 1686 1
1706 1688 1
1688 1332 1
1332 1329 1
1329 1706 1
1707 1708 1
1708 1707 1
923 1708 1
898 897 1
897 916 1
1518 920 1
1520 922 1
955 1135 1
1084 1710 1
1710 954 1
1710 1129 1
1194 1711 1
1711 1193 1
1670 1711 1
1358 1670 1
1194 1358 1
