0
2622
37.0988559 -8.2568638
37.0988724 -8.2565989
37.0989034 -8.2565621
37.0990764 -8.2565317
37.0991117 -8.2565540
37.0991468 -8.2569005
37.0991198 -8.2569308
37.0989161 -8.2569404
37.0910877 -8.2102602
37.0913478 -8.2162954
37.0891739 -8.2213025
37.0892977 -8.2212824
37.0893360 -8.2213308
37.0892758 -8.2215218
37.0892332 -8.2215223
37.0891463 -8.2214249
37.0891508 -8.2213462
37.0890059 -8.2274103
37.0890025 -8.2274416
37.0889843 -8.2274825
37.0888796 -8.2275038
37.0888397 -8.2274387
37.0889174 -8.2273060
37.0889905 -8.2273509
37.0891027 -8.2269193
37.0874364 -8.2259776
37.0874753 -8.2241997
37.0875057 -8.2237597
37.0892251 -8.2236695
37.0894133 -8.2231129
37.0865955 -8.2259726
37.0864929 -8.2260601
37.0864714 -8.2258905
37.0861394 -8.2244254
37.0860444 -8.2244113
37.0861036 -8.2243210
37.0861472 -8.2244029
37.0937197 -8.2327651
37.0937806 -8.2326625
37.0940600 -8.2309216
37.0941984 -8.2286778
37.0942250 -8.2285685
37.0948930 -8.2267654
37.0950332 -8.2263020
37.0952890 -8.2255163
37.0955930 -8.2244672
37.0957334 -8.2240835
37.0958742 -8.2241610
37.0958912 -8.2241900
37.0958692 -8.2244783
37.0957784 -8.2245435
37.0955755 -8.2244364
37.0956038 -8.2241516
37.0956766 -8.2240954
37.0958646 -8.2238165
37.0969337 -8.2245271
37.0969192 -8.2244849
37.0969466 -8.2243193
37.0970800 -8.2242553
37.0972023 -8.2244524
37.0970552 -8.2246161
37.0914618 -8.2222362
37.0922030 -8.2226287
37.0916941 -8.2400023
37.0917962 -8.2396906
37.0912720 -8.2450311
37.0913332 -8.2452137
37.0925684 -8.2470285
37.0927857 -8.2472573
37.0930647 -8.2475594
37.0933013 -8.2478156
37.0943342 -8.2489252
37.0944453 -8.2490416
37.0916499 -8.2399988
37.0889072 -8.2278152
37.0870912 -8.2571008
37.0872592 -8.2563539
37.0879275 -8.2561413
37.0884113 -8.2571800
37.0881460 -8.2571293
37.0880578 -8.2570288
37.0879916 -8.2569986
37.0866029 -8.2571695
37.0865646 -8.2571748
37.0856299 -8.2573144
37.0854187 -8.2573978
37.0876022 -8.2552043
37.0877641 -8.2555879
37.0881956 -8.2569931
37.0855275 -8.2572220
37.0864838 -8.2557295
37.0909323 -8.2326316
37.0907822 -8.2329552
37.0910521 -8.2335822
37.0911969 -8.2338550
37.0887681 -8.2470346
37.0882998 -8.2472686
37.0879285 -8.2474979
37.0877299 -8.2477461
37.0870518 -8.2480757
37.0912836 -8.2408340
37.0912097 -8.2408125
37.0907451 -8.2406819
37.0902538 -8.2405528
37.0900478 -8.2404958
37.0898120 -8.2404281
37.0897611 -8.2404135
37.0893143 -8.2402917
37.0938361 -8.2331033
37.0928270 -8.2356435
37.0927185 -8.2362575
37.0923731 -8.2381417
37.0920189 -8.2397606
37.0937596 -8.2535190
37.0938556 -8.2534335
37.0946066 -8.2521964
37.0946678 -8.2495429
37.0945067 -8.2493700
37.0950526 -8.2265085
37.0949535 -8.2268003
37.0949400 -8.2268388
37.0946661 -8.2276196
37.0942233 -8.2293288
37.0941649 -8.2308462
37.0939027 -8.2326629
37.0939352 -8.2328056
37.0982769 -8.2445638
37.0981350 -8.2445590
37.0976137 -8.2447108
37.0918478 -8.2396734
37.0922158 -8.2383669
37.0905980 -8.2443364
37.0906494 -8.2439449
37.0908394 -8.2429361
37.0909431 -8.2424285
37.0910746 -8.2419159
37.0911075 -8.2417840
37.0911470 -8.2416244
37.0912176 -8.2413382
37.0935706 -8.2538712
37.0935499 -8.2538181
37.0935415 -8.2537170
37.0935998 -8.2535748
37.0938988 -8.2536770
37.0939022 -8.2537957
37.0938105 -8.2539467
37.0936850 -8.2539691
37.0842067 -8.2580289
37.0841580 -8.2569264
37.0841900 -8.2568991
37.0912310 -8.2166050
37.0898728 -8.2157033
37.0946194 -8.2492269
37.0947547 -8.2494656
37.0939482 -8.2535029
37.0886480 -8.2350701
37.0886413 -8.2351294
37.0885257 -8.2352724
37.0884667 -8.2352791
37.0883172 -8.2351072
37.0883309 -8.2349811
37.0884672 -8.2348628
37.0885124 -8.2348657
37.0885890 -8.2349115
37.0945484 -8.2490530
37.0948042 -8.2490565
37.0987457 -8.2440194
37.0985011 -8.2444059
37.0887177 -8.2569420
37.0886459 -8.2563451
37.0885985 -8.2556281
37.0886067 -8.2553729
37.0888130 -8.2543492
37.0888727 -8.2541131
37.0889409 -8.2538966
37.0888794 -8.2354192
37.1018945 -8.2560394
37.1016441 -8.2560374
37.0993656 -8.2567302
37.0887560 -8.2504472
37.0887376 -8.2503771
37.0880334 -8.2488198
37.0934304 -8.2536389
37.0933576 -8.2536412
37.0930216 -8.2538834
37.0925749 -8.2546194
37.0924968 -8.2546693
37.0920908 -8.2547886
37.0920077 -8.2547968
37.0862613 -8.2435296
37.0863071 -8.2431686
37.0863830 -8.2426546
37.0864679 -8.2411385
37.0865338 -8.2404246
37.0869150 -8.2389167
37.0875202 -8.2373096
37.0877851 -8.2366106
37.0880352 -8.2358826
37.0984680 -8.2444894
37.0983366 -8.2445734
37.0981511 -8.2443540
37.0981674 -8.2442605
37.0983407 -8.2441283
37.0983805 -8.2441375
37.0838969 -8.2584513
37.0840640 -8.2581094
37.0844824 -8.2580219
37.0850304 -8.2572253
37.0945931 -8.2493055
37.0944040 -8.2493374
37.0943510 -8.2492009
37.0943559 -8.2491575
37.0946200 -8.2491853
37.0913052 -8.2276675
37.0913877 -8.2271580
37.0917588 -8.2267177
37.0920194 -8.2263498
37.0923568 -8.2256637
37.0924635 -8.2254379
37.0931158 -8.2240606
37.0844357 -8.2572255
37.0850578 -8.2568849
37.0853111 -8.2568785
37.0911508 -8.2450099
37.0910830 -8.2447642
37.0917148 -8.2400412
37.0870946 -8.2530023
37.0871132 -8.2529362
37.0871305 -8.2526130
37.0870300 -8.2522100
37.0869073 -8.2519541
37.0868905 -8.2517496
37.0868141 -8.2513949
37.0868452 -8.2510399
37.0869199 -8.2508634
37.0871984 -8.2506104
37.0851806 -8.2562056
37.0850889 -8.2559974
37.0862276 -8.2556586
37.0862968 -8.2555855
37.0864044 -8.2554198
37.0868122 -8.2547708
37.0870461 -8.2536613
37.0894413 -8.2501933
37.0889369 -8.2509768
37.0871410 -8.2539995
37.0873541 -8.2543212
37.0874744 -8.2544900
37.0876747 -8.2547949
37.0877575 -8.2549257
37.0951374 -8.2490457
37.0951350 -8.2491151
37.0951015 -8.2493187
37.0950764 -8.2496627
37.0953045 -8.2505277
37.0954456 -8.2504803
37.0955673 -8.2510672
37.0955289 -8.2508850
37.0873710 -8.2552451
37.0902014 -8.2603560
37.0898668 -8.2575429
37.0898471 -8.2574103
37.0898288 -8.2572870
37.0898245 -8.2571079
37.0953025 -8.2266497
37.0956494 -8.2265560
37.0959870 -8.2265195
37.0963147 -8.2266654
37.0963619 -8.2266996
37.0970929 -8.2272251
37.0901266 -8.2605114
37.0881382 -8.2577787
37.0881261 -8.2577331
37.0880649 -8.2570792
37.0935698 -8.2540894
37.0925749 -8.2554918
37.0921992 -8.2557390
37.0899294 -8.2572925
37.0899460 -8.2574162
37.0899594 -8.2575114
37.0899926 -8.2577071
37.0879057 -8.2462956
37.0880879 -8.2464176
37.0881153 -8.2465634
37.0989300 -8.2391853
37.0983293 -8.2390346
37.0976740 -8.2390809
37.0993321 -8.2290244
37.0992526 -8.2288438
37.0990493 -8.2519309
37.0987754 -8.2519503
37.0981214 -8.2525039
37.0973501 -8.2303950
37.0971468 -8.2303020
37.0944483 -8.2330302
37.0939296 -8.2330352
37.1017698 -8.2384659
37.1015744 -8.2384413
37.1014409 -8.2384401
37.1012990 -8.2384167
37.1010245 -8.2383785
37.1008728 -8.2384213
37.1004660 -8.2386098
37.0999485 -8.2388592
37.0994612 -8.2390509
37.0992717 -8.2391875
37.0992342 -8.2389278
37.0994584 -8.2389808
37.0999287 -8.2387907
37.1004509 -8.2385590
37.1008592 -8.2383777
37.1010150 -8.2383101
37.1011496 -8.2383174
37.1013864 -8.2383954
37.1014914 -8.2384113
37.1017584 -8.2383482
37.0993261 -8.2292070
37.0988428 -8.2295371
37.0946500 -8.2329226
37.0946092 -8.2330254
37.0945358 -8.2330646
37.0944402 -8.2327983
37.0945318 -8.2327545
37.0946293 -8.2328229
37.0946790 -8.2282627
37.0951692 -8.2283210
37.0952445 -8.2283291
37.0954178 -8.2283479
37.0961110 -8.2284229
37.0966671 -8.2284830
37.0969047 -8.2285087
37.0969084 -8.2285091
37.0972555 -8.2285515
37.0982971 -8.2286662
37.0986058 -8.2287002
37.0986909 -8.2287096
37.0990825 -8.2287528
37.0992197 -8.2286998
37.0945390 -8.2333223
37.0943746 -8.2333260
37.0941123 -8.2333266
37.0985449 -8.2497224
37.0985935 -8.2497340
37.0991198 -8.2497745
37.0997343 -8.2497333
37.1001847 -8.2497029
37.1006038 -8.2498373
37.1007257 -8.2498968
37.1008564 -8.2499680
37.0973806 -8.2384126
37.0976275 -8.2387256
37.0977132 -8.2388027
37.0979461 -8.2389415
37.0987380 -8.2389717
37.0990063 -8.2388909
37.1013026 -8.2325739
37.1013254 -8.2319081
37.1012899 -8.2309748
37.1012062 -8.2299314
37.1013673 -8.2290486
37.1013648 -8.2286947
37.1012055 -8.2283422
37.0897689 -8.2466822
37.0898328 -8.2465092
37.0939494 -8.2328363
37.0999506 -8.2300499
37.0994563 -8.2298908
37.0984160 -8.2300718
37.0976580 -8.2302900
37.0997738 -8.2499863
37.0998317 -8.2505237
37.0996949 -8.2509668
37.0996119 -8.2514467
37.0997186 -8.2522552
37.0998225 -8.2530459
37.0997060 -8.2535664
37.0995570 -8.2538237
37.0993561 -8.2540500
37.0985280 -8.2542671
37.1004675 -8.2277845
37.1003069 -8.2277645
37.0975257 -8.2325161
37.0974600 -8.2311166
37.0974452 -8.2306646
37.0989179 -8.2554632
37.0990618 -8.2554428
37.0998794 -8.2554701
37.0999689 -8.2558724
37.0975158 -8.2375710
37.0970068 -8.2366129
37.0968219 -8.2364854
37.0960532 -8.2355275
37.0960459 -8.2351420
37.0955839 -8.2345291
37.0953551 -8.2343740
37.0950765 -8.2341787
37.0945699 -8.2337878
37.1003976 -8.2523776
37.1005480 -8.2525356
37.1011700 -8.2527489
37.1005290 -8.2519463
37.0951582 -8.2450395
37.0953638 -8.2453749
37.0954301 -8.2454634
37.0956015 -8.2455194
37.0977366 -8.2311130
37.0977039 -8.2390528
37.0976386 -8.2391048
37.0974689 -8.2390557
37.0974295 -8.2388755
37.0974521 -8.2388084
37.0948074 -8.2328780
37.0957318 -8.2327466
37.0957980 -8.2327444
37.0967794 -8.2328338
37.0894355 -8.2467870
37.0972699 -8.2390450
37.0975725 -8.2393555
37.0984057 -8.2412093
37.0985656 -8.2412159
37.0991664 -8.2393131
37.0886569 -8.2273109
37.0850356 -8.2571656
37.0852410 -8.2561639
37.1020197 -8.2552544
37.1019170 -8.2549896
37.0977207 -8.2526834
37.0979598 -8.2530742
37.0984748 -8.2536884
37.0986133 -8.2539380
37.0993225 -8.2533596
37.0991641 -8.2535358
37.0988523 -8.2537003
37.1021757 -8.2155963
37.1001345 -8.2168751
37.0997304 -8.2169715
37.0996213 -8.2170225
37.0898413 -8.2568814
37.0899748 -8.2564879
37.0920090 -8.2556881
37.0923489 -8.2555215
37.0934803 -8.2540130
37.1020574 -8.2558456
37.1020305 -8.2559689
37.1017884 -8.2557849
37.1018354 -8.2557165
37.1019522 -8.2556910
37.1020116 -8.2557314
37.0915305 -8.2397350
37.0916592 -8.2396607
37.0916040 -8.2394037
37.0915893 -8.2399926
37.0915072 -8.2398531
37.0914897 -8.2401001
37.0895903 -8.2359697
37.0898404 -8.2359755
37.0899878 -8.2355951
37.0901517 -8.2355934
37.0901791 -8.2353456
37.0901858 -8.2352816
37.0930949 -8.2495347
37.0930933 -8.2489932
37.0930690 -8.2486499
37.0930138 -8.2485908
37.0928910 -8.2484596
37.0927826 -8.2483437
37.0925277 -8.2481858
37.0890031 -8.2519557
37.0888725 -8.2563251
37.0895560 -8.2561889
37.0879082 -8.2527361
37.0878551 -8.2527611
37.0877216 -8.2531902
37.0947317 -8.2510342
37.0935212 -8.2510165
37.0924637 -8.2511380
37.0924078 -8.2511355
37.0917668 -8.2512921
37.0914286 -8.2513710
37.0910470 -8.2513281
37.0902596 -8.2512384
37.0919504 -8.2491535
37.0920702 -8.2483157
37.0914455 -8.2516256
37.0914344 -8.2518265
37.0914147 -8.2521132
37.0899674 -8.2447370
37.0900939 -8.2447917
37.0870384 -8.2533119
37.0873763 -8.2534164
37.0874713 -8.2530844
37.0893902 -8.2477218
37.0896335 -8.2476392
37.0873002 -8.2520886
37.0878901 -8.2514767
37.0869741 -8.2479649
37.0870997 -8.2477996
37.0874199 -8.2473931
37.0876513 -8.2470808
37.0878269 -8.2467308
37.0877233 -8.2464192
37.0868637 -8.2466879
37.0869641 -8.2476664
37.0900180 -8.2479607
37.0903449 -8.2470335
37.0880453 -8.2537888
37.0919242 -8.2470605
37.0936015 -8.2513422
37.0911747 -8.2450996
37.0910944 -8.2451481
37.0910224 -8.2451916
37.0906985 -8.2456123
37.0878633 -8.2513010
37.0879532 -8.2515344
37.0934511 -8.2486920
37.0935266 -8.2487715
37.0938332 -8.2490939
37.0895001 -8.2471001
37.0895454 -8.2473117
37.0901676 -8.2481547
37.0902768 -8.2488088
37.0896572 -8.2492326
37.0891688 -8.2481693
37.0892964 -8.2458805
37.0887756 -8.2454326
37.0897156 -8.2457518
37.0889703 -8.2444582
37.0896779 -8.2442213
37.0892492 -8.2570707
37.0889112 -8.2520732
37.0885512 -8.2527309
37.0884650 -8.2530056
37.0884657 -8.2530993
37.0881789 -8.2529282
37.0882764 -8.2523293
37.0886785 -8.2522193
37.0887867 -8.2521224
37.0888571 -8.2520594
37.0870277 -8.2480757
37.0886277 -8.2517704
37.0882887 -8.2511654
37.0878933 -8.2504598
37.0876889 -8.2504544
37.0875463 -8.2504621
37.0874539 -8.2504773
37.0902347 -8.2464885
37.0933381 -8.2495603
37.0884481 -8.2510259
37.0886016 -8.2512707
37.0887857 -8.2516092
37.0889692 -8.2519550
37.0871545 -8.2579132
37.0866338 -8.2579722
37.0843960 -8.2589123
37.0873468 -8.2538799
37.0874156 -8.2538500
37.0876194 -8.2538093
37.0877149 -8.2538750
37.0878361 -8.2539305
37.0879175 -8.2539043
37.0881417 -8.2534536
37.0871589 -8.2529563
37.0872513 -8.2529888
37.0984588 -8.2514407
37.0982130 -8.2516618
37.1014677 -8.2385215
37.1014570 -8.2385751
37.1048394 -8.2473163
37.1020281 -8.2479039
37.1018550 -8.2493867
37.0996271 -8.2540534
37.0997897 -8.2542140
37.0998736 -8.2543048
37.0931161 -8.2451611
37.0941648 -8.2456221
37.0942327 -8.2457603
37.0942660 -8.2458281
37.0945122 -8.2463154
37.0996644 -8.2548171
37.0954681 -8.2472395
37.0953847 -8.2470604
37.0952489 -8.2467381
37.0950029 -8.2462176
37.0949152 -8.2460265
37.0994124 -8.2503011
37.0985846 -8.2548950
37.1016196 -8.2393001
37.1015682 -8.2394697
37.1000650 -8.2506122
37.1004964 -8.2513228
37.1006790 -8.2514986
37.0988680 -8.2504442
37.0950860 -8.2479803
37.0953390 -8.2475919
37.0967899 -8.2467983
37.0968629 -8.2467684
37.0925349 -8.2433337
37.0920128 -8.2425494
37.0919059 -8.2443204
37.1005669 -8.2535884
37.1003499 -8.2538202
37.1000663 -8.2541230
37.0979802 -8.2545412
37.0978848 -8.2546094
37.1016498 -8.2391546
37.1014807 -8.2393234
37.1014474 -8.2392883
37.1014392 -8.2391174
37.1014540 -8.2390938
37.1015823 -8.2390604
37.1010652 -8.2367187
37.1017660 -8.2372997
37.1011907 -8.2419939
37.1003459 -8.2424522
37.0997346 -8.2422890
37.1004280 -8.2529366
37.1002772 -8.2534537
37.0921524 -8.2437023
37.1006720 -8.2506469
37.1006909 -8.2505773
37.1008530 -8.2494187
37.0926153 -8.2455192
37.0930073 -8.2463946
37.0928290 -8.2403599
37.0928704 -8.2405278
37.0940488 -8.2459896
37.0993002 -8.2505735
37.0994852 -8.2508843
37.0937944 -8.2463813
37.1012190 -8.2494297
37.1012722 -8.2493783
37.1020703 -8.2498406
37.0911180 -8.2428926
37.0913041 -8.2434256
37.0927281 -8.2405719
37.0917714 -8.2411312
37.0915331 -8.2417273
37.1019591 -8.2353775
37.1015762 -8.2349973
37.0956019 -8.2486823
37.0960530 -8.2488323
37.0956272 -8.2488448
37.0934157 -8.2449378
37.0931563 -8.2443152
37.0930905 -8.2440212
37.0986111 -8.2558864
37.0986622 -8.2555680
37.0931677 -8.2435736
37.0924890 -8.2434007
37.0985692 -8.2348742
37.0978625 -8.2548518
37.0984234 -8.2555355
37.0957611 -8.2464133
37.0955210 -8.2458688
37.0949583 -8.2462473
37.0978616 -8.2520708
37.1001352 -8.2533625
37.0925329 -8.2514068
37.1016998 -8.2357621
37.1013137 -8.2393020
37.0921997 -8.2436445
37.0917323 -8.2436193
37.0912624 -8.2435857
37.0995093 -8.2438944
37.0995130 -8.2437060
37.0995527 -8.2430889
37.0995835 -8.2429108
37.1000305 -8.2416602
37.1002567 -8.2414469
37.1007547 -8.2416119
37.1012220 -8.2420204
37.1016135 -8.2423699
37.1001828 -8.2501600
37.0929350 -8.2407122
37.0930762 -8.2411326
37.0933622 -8.2414574
37.0937723 -8.2416383
37.1012354 -8.2530259
37.0990046 -8.2352601
37.0995121 -8.2341377
37.1004121 -8.2349744
37.1008009 -8.2353689
37.1013797 -8.2359562
37.1014249 -8.2361906
37.1015526 -8.2359915
37.0974326 -8.2457174
37.0974488 -8.2453781
37.0974017 -8.2454022
37.0974098 -8.2462125
37.0972931 -8.2482155
37.0972614 -8.2487169
37.0970350 -8.2489458
37.0950946 -8.2428559
37.0948972 -8.2441505
37.0946495 -8.2444383
37.0983033 -8.2465926
37.0984941 -8.2469063
37.0981774 -8.2439474
37.0981343 -8.2438621
37.0978172 -8.2433078
37.0976526 -8.2430900
37.0973094 -8.2428790
37.0967522 -8.2425827
37.1022681 -8.2386798
37.1024978 -8.2384187
37.1033819 -8.2412579
37.1023720 -8.2397562
37.1021716 -8.2382991
37.1023016 -8.2384539
37.1023616 -8.2374298
37.1021613 -8.2399037
37.1020572 -8.2400222
37.1020678 -8.2412956
37.1024077 -8.2397624
37.1023957 -8.2398706
37.1023382 -8.2398283
37.1027760 -8.2379378
37.1022539 -8.2372997
37.1019941 -8.2376333
37.1024754 -8.2382477
37.0984609 -8.2528440
37.0984903 -8.2530836
37.0873765 -8.2422272
37.0879755 -8.2411284
37.0879692 -8.2412219
37.0867201 -8.2434138
37.0884964 -8.2430025
37.0876310 -8.2421132
37.0874729 -8.2420206
37.0880562 -8.2413468
37.0870511 -8.2427879
37.0865414 -8.2436185
37.0867929 -8.2451870
37.0872189 -8.2440515
37.0873204 -8.2442002
37.0877526 -8.2441948
37.0887589 -8.2434482
37.0965105 -8.2422072
37.0938843 -8.2396122
37.0964391 -8.2415334
37.0951339 -8.2392519
37.0955493 -8.2397085
37.0955254 -8.2398473
37.0959186 -8.2431058
37.0956057 -8.2422671
37.0935491 -8.2394466
37.0936145 -8.2392191
37.0932848 -8.2390782
37.0925432 -8.2391165
37.0952570 -8.2395311
37.0924552 -8.2394688
37.0933820 -8.2376122
37.0953709 -8.2404873
37.0933785 -8.2400994
37.0934148 -8.2398908
37.0938167 -8.2384177
37.1016620 -8.2571861
37.0994710 -8.2215878
37.0946644 -8.2359352
37.1023474 -8.2287673
37.1024039 -8.2283634
37.1024898 -8.2276915
37.1027681 -8.2275253
37.0990786 -8.2239808
37.0993854 -8.2232401
37.0985004 -8.2239855
37.0988951 -8.2237435
37.0923534 -8.2286373
37.0926257 -8.2282604
37.0928760 -8.2320231
37.0949976 -8.2357422
37.0944100 -8.2349354
37.0994884 -8.2232426
37.0998187 -8.2232643
37.0910136 -8.2311462
37.0909920 -8.2308311
37.0994251 -8.2326095
37.0994255 -8.2322046
37.0915548 -8.2280877
37.0910794 -8.2294415
37.0911888 -8.2296148
37.0942982 -8.2340000
37.0941722 -8.2340896
37.0937332 -8.2342520
37.1015035 -8.2288742
37.1017223 -8.2288352
37.1021713 -8.2287883
37.1025396 -8.2287459
37.0987093 -8.2215124
37.0987455 -8.2219470
37.0988059 -8.2226717
37.0992166 -8.2244923
37.0935874 -8.2308818
37.0939928 -8.2306771
37.0917608 -8.2299124
37.0917455 -8.2295153
37.0919352 -8.2283485
37.0927498 -8.2366297
37.0927751 -8.2367555
37.0927858 -8.2368467
37.0984406 -8.2283650
37.0930587 -8.2353317
37.0937886 -8.2350855
37.0939572 -8.2352574
37.0956038 -8.2355349
37.0957494 -8.2355391
37.0982865 -8.2215804
37.0983192 -8.2227088
37.0994191 -8.2330031
37.0908995 -8.2348549
37.0908077 -8.2344371
37.0906621 -8.2339728
37.0912579 -8.2318238
37.0934537 -8.2309079
37.0936234 -8.2284554
37.0902851 -8.2325600
37.0900704 -8.2327491
37.0957194 -8.2311293
37.0954605 -8.2305778
37.0954669 -8.2304062
37.0930622 -8.2309123
37.0926535 -8.2309238
37.0923818 -8.2311331
37.0917782 -8.2317709
37.0917020 -8.2318388
37.0914248 -8.2320928
37.0909918 -8.2325744
37.0906758 -8.2327565
37.0905146 -8.2328089
37.0901741 -8.2330043
37.0890634 -8.2345100
37.0889371 -8.2345743
37.0943477 -8.2299081
37.0943389 -8.2300496
37.0904524 -8.2325469
37.0901889 -8.2317804
37.0901032 -8.2316321
37.0963278 -8.2352240
37.0962688 -8.2351489
37.0966509 -8.2352020
37.0942816 -8.2308005
37.0904279 -8.2317881
37.0906639 -8.2311823
37.0998093 -8.2236376
37.0916496 -8.2335584
37.0916254 -8.2335243
37.0966612 -8.2358157
37.0995698 -8.2275402
37.0993406 -8.2275436
37.0988246 -8.2262168
37.0989240 -8.2263390
37.0912940 -8.2279255
37.0928136 -8.2302416
37.0925282 -8.2308020
37.0926624 -8.2360364
37.0924527 -8.2358141
37.0919513 -8.2306586
37.0918103 -8.2306518
37.0938945 -8.2330749
37.0937748 -8.2339910
37.0937691 -8.2340312
37.0937570 -8.2341172
37.0937504 -8.2341642
37.1035829 -8.2339666
37.1025181 -8.2338866
37.1015661 -8.2335217
37.0994607 -8.2332391
37.0992103 -8.2219257
37.0995704 -8.2263692
37.0998782 -8.2281572
37.1018316 -8.2251942
37.1021807 -8.2240201
37.1022528 -8.2233455
37.1022261 -8.2227894
37.1021902 -8.2220124
37.0960441 -8.2248681
37.0966047 -8.2248159
37.0968189 -8.2248409
37.1042682 -8.2240915
37.0998258 -8.2314947
37.0998759 -8.2263696
37.0987729 -8.2264164
37.0971131 -8.2276627
37.0970156 -8.2280583
37.1013091 -8.2274961
37.1010044 -8.2256019
37.0928366 -8.2347118
37.0933683 -8.2329269
37.1019752 -8.2297118
37.1025116 -8.2290863
37.1006422 -8.2280096
37.1005336 -8.2281814
37.1001078 -8.2284388
37.0998399 -8.2282012
37.0945186 -8.2324286
37.0944004 -8.2324276
37.0968801 -8.2303006
37.0960165 -8.2318417
37.0958620 -8.2316678
37.0956430 -8.2311826
37.1009746 -8.2247825
37.1010956 -8.2243476
37.1012523 -8.2237884
37.1000858 -8.2217522
37.1002693 -8.2221698
37.0934303 -8.2236571
37.0936998 -8.2229990
37.0940135 -8.2228051
37.0896542 -8.2198285
37.0901618 -8.2205989
37.0955453 -8.2221167
37.0988924 -8.2359425
37.0990032 -8.2355120
37.0983163 -8.2345601
37.0980802 -8.2342879
37.0974607 -8.2340019
37.0911490 -8.2220611
37.0911966 -8.2218910
37.0913012 -8.2214345
37.0916692 -8.2204360
37.0918091 -8.2196923
37.0921268 -8.2182739
37.0909587 -8.2176134
37.0929317 -8.2213471
37.0928399 -8.2212365
37.0904284 -8.2186619
37.0904565 -8.2187944
37.0921115 -8.2228384
37.0977388 -8.2393617
37.0983892 -8.2391873
37.0948553 -8.2264367
37.0901352 -8.2190426
37.0901787 -8.2190829
37.0905804 -8.2199269
37.0903088 -8.2203612
37.0896879 -8.2197673
37.0944863 -8.2208818
37.0946860 -8.2242076
37.0962288 -8.2218051
37.0958755 -8.2227646
37.0958048 -8.2230741
37.0875635 -8.2259853
37.0872455 -8.2278981
37.0890395 -8.2284647
37.0896043 -8.2273670
37.0894951 -8.2264884
37.0920751 -8.2252583
37.0886295 -8.2322778
37.0887117 -8.2322975
37.0924778 -8.2266775
37.0932530 -8.2276822
37.0932103 -8.2280185
37.0894125 -8.2249641
37.0932859 -8.2256308
37.0942841 -8.2263819
37.0939607 -8.2274760
37.0898157 -8.2318660
37.0886600 -8.2291269
37.0885680 -8.2290063
37.0883965 -8.2290643
37.0888792 -8.2279951
37.0877515 -8.2280262
37.0849146 -8.2306022
37.0895612 -8.2228411
37.0923229 -8.2253632
37.0917480 -8.2251938
37.0909551 -8.2261553
37.0886070 -8.2288337
37.0887213 -8.2286586
37.0873107 -8.2281996
37.0862206 -8.2274218
37.0885318 -8.2320086
37.0893575 -8.2228618
37.0888188 -8.2283535
37.0891271 -8.2286453
37.0891616 -8.2287311
37.0892886 -8.2289896
37.0894253 -8.2292758
37.0894447 -8.2293110
37.0895901 -8.2296645
37.0900135 -8.2301886
37.0886358 -8.2320486
37.0900885 -8.2262577
37.0892960 -8.2253234
37.0857940 -8.2319538
37.0858758 -8.2322868
37.0848845 -8.2381273
37.0868564 -8.2369512
37.0880224 -8.2374541
37.0880867 -8.2374841
37.0883752 -8.2375868
37.0884052 -8.2375956
37.0881379 -8.2367685
37.0885206 -8.2369109
37.0885696 -8.2369280
37.0887346 -8.2365025
37.0889364 -8.2366262
37.0883692 -8.2385999
37.0883832 -8.2385596
37.0885381 -8.2370169
37.0864586 -8.2348869
37.0864635 -8.2329957
37.0886644 -8.2369785
37.0886532 -8.2387552
37.0847131 -8.2361162
37.0849814 -8.2359925
37.0852618 -8.2322815
37.0849352 -8.2327338
37.0848982 -8.2328613
37.0857298 -8.2324018
37.0851493 -8.2387004
37.0878642 -8.2382906
37.0880769 -8.2372803
37.0884334 -8.2326550
37.0883883 -8.2327009
37.0883717 -8.2325195
37.0884418 -8.2326081
37.0864061 -8.2352774
37.0855365 -8.2368661
37.0855982 -8.2373687
37.0880991 -8.2323120
37.0858696 -8.2365685
37.0871936 -8.2370512
37.0867022 -8.2368971
37.0860330 -8.2365646
37.0863907 -8.2355943
37.0863969 -8.2354977
37.0865706 -8.2348737
37.0867907 -8.2349974
37.0874999 -8.2352589
37.0882119 -8.2353880
37.0884459 -8.2337465
37.0881920 -8.2337599
37.0862627 -8.2424223
37.0861793 -8.2415735
37.0857771 -8.2366419
37.0851911 -8.2369860
37.0847995 -8.2370130
37.0847431 -8.2369064
37.0848365 -8.2362128
37.0851757 -8.2357570
37.0845836 -8.2360582
37.0886012 -8.2368357
37.0846849 -8.2371039
37.0848700 -8.2382592
37.0851880 -8.2375349
37.0881344 -8.2330799
37.0843531 -8.2364255
37.0844233 -8.2366922
37.0844157 -8.2373570
37.0853947 -8.2375658
37.0856753 -8.2376470
37.0851783 -8.2354900
37.0881633 -8.2366924
37.0850363 -8.2327969
37.0855068 -8.2323488
37.0885948 -8.2326009
37.0862725 -8.2412681
37.0878459 -8.2366459
37.0880884 -8.2226963
37.0880176 -8.2223504
37.0880778 -8.2218356
37.0891180 -8.2218601
37.0873490 -8.2210412
37.0869157 -8.2208323
37.0869054 -8.2209574
37.1014092 -8.2134323
37.1003292 -8.2163816
37.1000639 -8.2166927
37.0999505 -8.2160839
37.0983361 -8.2168833
37.0983108 -8.2165295
37.0967351 -8.2162260
37.0984926 -8.2160258
37.0984723 -8.2172801
37.0988682 -8.2175200
37.0887888 -8.2533098
37.0892148 -8.2535126
37.0903563 -8.2544264
37.0880887 -8.2503839
37.0883064 -8.2535585
37.0884039 -8.2532966
37.0885399 -8.2498852
37.0886249 -8.2504223
37.0887407 -8.2507459
37.1004019 -8.2435486
37.1013442 -8.2426453
37.0976843 -8.2530125
37.0935977 -8.2431547
37.0940536 -8.2422803
37.0932985 -8.2434500
37.0939277 -8.2427669
37.0935734 -8.2281028
37.0928927 -8.2279600
37.0927873 -8.2279406
37.0917394 -8.2277475
37.0914484 -8.2415930
37.0913982 -8.2417748
37.0917418 -8.2434333
37.0953195 -8.2490373
37.0953877 -8.2490340
37.0955533 -8.2490305
37.0956114 -8.2490307
37.0941374 -8.2493869
37.0942040 -8.2493310
37.0942169 -8.2493622
37.0956229 -8.2489389
37.0957021 -8.2490300
37.0960607 -8.2490274
37.0944286 -8.2473112
37.0941194 -8.2465631
37.0980857 -8.2444464
37.0991397 -8.2439090
37.0987218 -8.2463760
37.0987261 -8.2462469
37.0987372 -8.2459713
37.1004162 -8.2384427
37.1008208 -8.2382543
37.1009085 -8.2385361
37.1005001 -8.2387238
37.0972154 -8.2390917
37.0965355 -8.2396741
37.0954026 -8.2407065
37.0952822 -8.2407114
37.0944590 -8.2405850
37.0960788 -8.2242692
37.0944300 -8.2241328
37.0939866 -8.2239933
37.0939486 -8.2239782
37.0938611 -8.2239507
37.0936698 -8.2238348
37.0988530 -8.2181003
37.0985816 -8.2181785
37.0941630 -8.2254533
37.0939880 -8.2250354
37.0939218 -8.2241385
37.0899915 -8.2406698
37.0911678 -8.2409571
37.0911429 -8.2411061
37.0911147 -8.2412757
37.0910858 -8.2414495
37.0910643 -8.2415784
37.0908742 -8.2410377
37.0908463 -8.2412023
37.0908168 -8.2413757
37.0877297 -8.2453068
37.0977092 -8.2245002
37.0977026 -8.2246504
37.0968255 -8.2247001
37.0906007 -8.2447549
37.0906320 -8.2451032
37.0910458 -8.2450617
37.0910662 -8.2450516
37.0907448 -8.2461533
37.0899384 -8.2466309
37.0899960 -8.2449052
37.0904272 -8.2445847
37.0907099 -8.2466736
37.0907134 -8.2471505
37.0908439 -8.2492104
37.0903604 -8.2499320
37.0915635 -8.2448119
37.0920149 -8.2453599
37.0920267 -8.2449545
37.0939509 -8.2237845
37.0930097 -8.2414601
37.1046805 -8.2307452
37.1039346 -8.2326688
37.1039154 -8.2327397
37.1028129 -8.2356544
37.1017864 -8.2381057
37.0874855 -8.2484565
37.0874803 -8.2485240
37.0873020 -8.2483975
37.0868269 -8.2528214
37.0872233 -8.2491629
37.0875972 -8.2486946
37.0876972 -8.2491370
37.0873151 -8.2491970
37.1010737 -8.2377157
37.1008106 -8.2369915
37.0961542 -8.2340363
37.0888781 -8.2440191
37.0906933 -8.2455673
37.0965599 -8.2452657
37.0966603 -8.2450960
37.0841752 -8.2565297
37.0857416 -8.2559113
37.0860675 -8.2412758
37.0859449 -8.2411854
37.0857999 -8.2411584
37.0856241 -8.2408942
37.0894368 -8.2522387
37.0894988 -8.2521583
37.0897328 -8.2521302
37.0873048 -8.2505096
37.0875487 -8.2505780
37.0880516 -8.2516191
37.0941890 -8.2492951
37.0924494 -8.2472054
37.0919488 -8.2466528
37.0911304 -8.2452471
37.0911187 -8.2452165
37.0917849 -8.2494170
37.0917839 -8.2494519
37.0930626 -8.2481268
37.0931370 -8.2480376
37.0923016 -8.2472766
37.0904797 -8.2505803
37.0914694 -8.2495834
37.0915404 -8.2494578
37.0914809 -8.2493042
37.0920569 -8.2481280
37.0920513 -8.2482127
37.0916786 -8.2494466
37.0919659 -8.2494303
37.0991910 -8.2457437
37.0992468 -8.2442201
37.1020388 -8.2398296
37.1018585 -8.2386550
37.0906042 -8.2445092
37.0941517 -8.2419045
37.0944903 -8.2413340
37.0945969 -8.2412170
37.0945658 -8.2411362
37.0904782 -8.2445487
37.0920058 -8.2445832
37.0919910 -8.2445908
37.0918588 -8.2446591
37.0915104 -8.2448385
37.0934329 -8.2536866
37.0921416 -8.2554987
37.0896782 -8.2572078
37.0975014 -8.2328704
37.0962325 -8.2490259
37.0967105 -8.2489773
37.0978869 -8.2494067
37.0980275 -8.2494758
37.0939170 -8.2466431
37.0929122 -8.2469354
37.0986177 -8.2174974
37.0984798 -8.2180302
37.1013907 -8.2327798
37.1012345 -8.2327829
37.0967748 -8.2328841
37.0958008 -8.2329051
37.0957340 -8.2329061
37.0947948 -8.2329277
37.0902915 -8.2540097
37.0891587 -8.2536953
37.0899952 -8.2540525
37.0903408 -8.2543475
37.0903598 -8.2542620
37.0904047 -8.2542107
37.0904655 -8.2542069
37.0866488 -8.2520679
37.0866919 -8.2522213
37.0866758 -8.2525610
37.0866555 -8.2529905
37.0870629 -8.2502959
37.0892505 -8.2570505
37.0870520 -8.2500181
37.0956716 -8.2300420
37.0882041 -8.2570346
37.0886407 -8.2571195
37.0887082 -8.2571286
37.0887614 -8.2571347
37.0888636 -8.2571486
37.0896761 -8.2572722
37.0889758 -8.2539060
37.0899049 -8.2543030
37.0922066 -8.2555442
37.0899793 -8.2360302
37.0902313 -8.2352924
37.0902198 -8.2353503
37.0881312 -8.2163639
37.0860424 -8.2245431
37.0862071 -8.2253944
37.0869388 -8.2242909
37.0869835 -8.2242833
37.0870401 -8.2242737
37.1021922 -8.2350196
37.0857633 -8.2412669
37.0856333 -8.2412563
37.0856159 -8.2412810
37.0856269 -8.2406689
37.0852728 -8.2404293
37.0986623 -8.2567634
37.0959955 -8.2554459
37.0955723 -8.2553470
37.0949324 -8.2551805
37.0939608 -8.2540321
37.0954141 -8.2552011
37.0955926 -8.2552427
37.0963152 -8.2554152
37.0986767 -8.2566407
37.0978169 -8.2555525
37.0982782 -8.2498506
37.1018503 -8.2554337
37.1018414 -8.2553810
37.1018275 -8.2552997
37.0989569 -8.2558585
37.0989745 -8.2558638
37.0989931 -8.2558765
37.0990138 -8.2559969
37.0989948 -8.2560250
37.0989215 -8.2560390
37.0988953 -8.2560175
37.0988902 -8.2558929
37.0989053 -8.2558750
37.0993474 -8.2565915
37.1016080 -8.2558883
37.0978973 -8.2538459
37.0983812 -8.2558284
37.0987539 -8.2559162
37.0991278 -8.2559745
37.0990056 -8.2561833
37.0999655 -8.2561231
37.1010844 -8.2558361
37.0969662 -8.2544494
37.0943925 -8.2538271
37.1023185 -8.2555877
37.0954344 -8.2546398
37.0943519 -8.2539076
37.0937936 -8.2537419
37.0936481 -8.2537500
37.0934958 -8.2537655
37.0942562 -8.2537441
37.0939827 -8.2535405
37.0948806 -8.2549712
37.0999457 -8.2559880
37.1009648 -8.2556846
37.0940566 -8.2538673
37.0971095 -8.2547605
37.0971716 -8.2553023
37.0986777 -8.2559782
37.0948443 -8.2463233
37.0950840 -8.2468577
37.0947843 -8.2463656
37.0944431 -8.2464106
37.0944265 -8.2463758
37.0994564 -8.2389523
37.0991056 -8.2438312
37.1002619 -8.2400399
37.0999296 -8.2392859
37.0995140 -8.2392308
37.0988954 -8.2281322
37.0881463 -8.2466334
37.0866854 -8.2529908
37.0867748 -8.2528999
37.0867030 -8.2525625
37.0867818 -8.2526820
37.0868528 -8.2522224
37.0872852 -8.2483422
37.0863406 -8.2554215
37.0850874 -8.2578658
37.0851230 -8.2578104
37.0888282 -8.2506938
37.0885447 -8.2483609
37.0886198 -8.2480330
37.0980187 -8.2215690
37.0973686 -8.2218591
37.0973375 -8.2218866
37.0973088 -8.2219119
37.0972851 -8.2219421
37.0969133 -8.2225703
37.0967274 -8.2235620
37.0967155 -8.2236956
37.0966999 -8.2238811
37.0881092 -8.2499401
37.0882734 -8.2505440
37.0883635 -8.2508277
37.1037110 -8.2227864
37.1016063 -8.2221242
37.1009199 -8.2219884
37.1006520 -8.2219106
37.1005069 -8.2218685
37.0883781 -8.2510888
37.0878436 -8.2498577
37.0877608 -8.2495992
37.0876137 -8.2486860
37.0883688 -8.2498741
37.0883110 -8.2498703
37.0882048 -8.2498960
37.0872078 -8.2504719
37.0873003 -8.2495185
37.0873104 -8.2496958
37.0871083 -8.2500956
37.0874074 -8.2500990
37.0873975 -8.2500628
37.0873461 -8.2498685
37.0875724 -8.2494653
37.0876130 -8.2496016
37.0874589 -8.2494943
37.0877328 -8.2499181
37.0875060 -8.2498162
37.0875921 -8.2499737
37.0876104 -8.2486756
37.0839753 -8.2568830
37.0841668 -8.2565746
37.0916739 -8.2579005
37.0951034 -8.2607311
37.0954772 -8.2551635
37.0955521 -8.2551394
37.0957907 -8.2549290
37.0956676 -8.2551233
37.0957848 -8.2550879
37.0961387 -8.2551836
37.0961586 -8.2552570
37.0958645 -8.2550294
37.0959033 -8.2549969
37.0961612 -8.2550551
37.0958263 -8.2550574
37.0961543 -8.2550949
37.0959380 -8.2549699
37.0959759 -8.2549365
37.0961739 -8.2549872
37.0960006 -8.2549064
37.0960723 -8.2548193
37.0990677 -8.2571033
37.0990532 -8.2573816
37.0989901 -8.2571121
37.0955751 -8.2555215
37.0989732 -8.2563417
37.0989629 -8.2561787
37.0989597 -8.2561276
37.1018722 -8.2555416
37.1028614 -8.2555613
37.0953645 -8.2480582
37.0954219 -8.2476965
37.0954529 -8.2481783
37.0953791 -8.2483032
37.0983124 -8.2500720
37.0982753 -8.2506460
37.0982495 -8.2510674
37.0979119 -8.2520313
37.0982922 -8.2544488
37.0983409 -8.2545230
37.0989318 -8.2556258
37.0982244 -8.2496655
37.1012198 -8.2510516
37.1007737 -8.2507892
37.1005119 -8.2502665
37.0984372 -8.2496899
37.0984112 -8.2497253
37.0983905 -8.2497418
37.0982386 -8.2496966
37.0982675 -8.2494801
37.0983004 -8.2494602
37.0984192 -8.2494948
37.0984573 -8.2495982
37.0983855 -8.2492109
37.0864515 -8.2468654
37.0866524 -8.2467821
37.0865670 -8.2462672
37.0866196 -8.2465724
37.0870545 -8.2464087
37.0867575 -8.2459516
37.0863686 -8.2463381
37.0870186 -8.2453425
37.0864284 -8.2441625
37.0890593 -8.2476908
37.0864139 -8.2437765
37.0879917 -8.2453036
37.0881008 -8.2458883
37.0863399 -8.2437428
37.0862232 -8.2438754
37.0864518 -8.2438499
37.0864496 -8.2439372
37.0863399 -8.2440354
37.0863078 -8.2440300
37.0882270 -8.2457435
37.0873519 -8.2459742
37.0914310 -8.2472373
37.0922119 -8.2476663
37.0925433 -8.2494741
37.0928700 -8.2495111
37.0935276 -8.2495689
37.0935775 -8.2495711
37.0938345 -8.2495283
37.0940332 -8.2494450
37.0940828 -8.2494231
37.0901151 -8.2520221
37.0902929 -8.2532937
37.0898339 -8.2515156
37.0898900 -8.2507281
37.0945598 -8.2521528
37.0945418 -8.2521361
37.0912473 -8.2519917
37.0913018 -8.2519969
37.0910529 -8.2520067
37.0897397 -8.2525590
37.0897696 -8.2519787
37.0985451 -8.2460104
37.0985355 -8.2461149
37.0985255 -8.2462409
37.0985195 -8.2463617
37.0985158 -8.2464373
37.0984837 -8.2471870
37.0982215 -8.2439981
37.0865431 -8.2565638
37.0865206 -8.2556721
37.0873947 -8.2514325
37.0873787 -8.2511817
37.0878376 -8.2521458
37.0876857 -8.2497625
37.0874374 -8.2534843
37.0890525 -8.2536653
37.0926664 -8.2547536
37.0929249 -8.2544152
37.0915406 -8.2547176
37.0908974 -8.2505446
37.0907998 -8.2423677
37.0906198 -8.2431319
37.0933807 -8.2476720
37.0933999 -8.2476425
37.0880792 -8.2479944
37.0880470 -8.2481480
37.0885904 -8.2480216
37.0885688 -8.2480142
37.0881562 -8.2479714
37.0881519 -8.2479922
37.0879983 -8.2481483
37.0879449 -8.2481539
37.0880925 -8.2479951
37.0881861 -8.2480190
37.0869995 -8.2548005
37.0866733 -8.2550712
37.0871269 -8.2545669
37.0868573 -8.2547788
37.0870404 -8.2546518
37.0871183 -8.2546366
37.0865776 -8.2572975
37.0871488 -8.2472978
37.0870974 -8.2473649
37.0870011 -8.2475580
37.0869733 -8.2475794
37.0881890 -8.2479737
37.0872236 -8.2470537
37.0871594 -8.2471503
37.0879514 -8.2480324
37.0959653 -8.2238344
37.0959573 -8.2238872
37.0909984 -8.2220069
37.0908569 -8.2223525
37.0909036 -8.2219749
37.0909209 -8.2218088
37.0908503 -8.2242603
37.0902346 -8.2217495
37.0902041 -8.2219000
37.0902876 -8.2240082
37.0992939 -8.2353268
37.0998213 -8.2372933
37.0998443 -8.2353015
37.0991939 -8.2349741
37.1002801 -8.2356156
37.0912518 -8.2449582
37.0914141 -8.2448843
37.0897888 -8.2451043
37.0896777 -8.2450509
37.0897161 -8.2450480
37.0897589 -8.2450668
37.0893780 -8.2457722
37.0849264 -8.2551382
37.0854292 -8.2554493
37.0856653 -8.2555631
37.0878176 -8.2540613
37.0878770 -8.2540337
37.0864651 -8.2557116
37.0877443 -8.2541517
37.0875574 -8.2538817
37.0876588 -8.2538781
37.0874213 -8.2540900
37.0874535 -8.2543327
37.0958027 -8.2330144
37.0957357 -8.2330146
37.0956576 -8.2319131
37.0956204 -8.2320540
37.0952764 -8.2318367
37.0910642 -8.2472832
37.0910413 -8.2474851
37.0913080 -8.2473094
37.0907948 -8.2415055
37.0909013 -8.2408784
37.0914260 -8.2473305
37.0910683 -8.2458986
37.0910714 -8.2460852
37.0919425 -8.2386550
37.0919904 -8.2387130
37.0916819 -8.2396094
37.0920675 -8.2384930
37.0921602 -8.2356116
37.0917071 -8.2347146
37.0915376 -8.2343790
37.0914629 -8.2342291
37.0950728 -8.2554853
37.0938980 -8.2544023
37.0924307 -8.2556837
37.1016920 -8.2345641
37.1016554 -8.2346742
37.1017858 -8.2349199
37.1016823 -8.2348214
37.0957334 -8.2328578
37.0958000 -8.2328564
37.0975009 -8.2328194
37.1011747 -8.2327396
37.1013054 -8.2327366
37.1014185 -8.2327343
37.0997696 -8.2322873
37.1022004 -8.2283059
37.1006098 -8.2279683
37.1003560 -8.2276013
37.1002288 -8.2254159
37.1003854 -8.2253065
37.0993572 -8.2287650
37.0992542 -8.2286665
37.0993527 -8.2287222
37.0994134 -8.2291532
37.0994262 -8.2285416
37.1007628 -8.2254901
37.1001958 -8.2252103
37.1017635 -8.2292305
37.0988181 -8.2255385
37.0980684 -8.2282658
37.0985262 -8.2295640
37.0983612 -8.2258667
37.0983815 -8.2252506
37.0984417 -8.2247045
37.0984432 -8.2246508
37.0984461 -8.2245519
37.0954669 -8.2278527
37.0953495 -8.2278385
37.0954883 -8.2282390
37.0954842 -8.2276094
37.0953668 -8.2276352
37.0953700 -8.2275978
37.0957365 -8.2281290
37.0960574 -8.2274692
37.0982032 -8.2294325
37.0982652 -8.2299985
37.0973783 -8.2301555
37.0974451 -8.2300307
37.0975465 -8.2303868
37.0953234 -8.2314176
37.0974535 -8.2300504
37.0974935 -8.2301442
37.0975383 -8.2301835
37.0975143 -8.2304246
37.0973563 -8.2304057
37.0973389 -8.2302032
37.0975716 -8.2302821
37.0960724 -8.2288934
37.0956851 -8.2286842
37.0946712 -8.2308471
37.0965580 -8.2277427
37.0956423 -8.2251008
37.0958691 -8.2251251
37.0959139 -8.2250457
37.0964318 -8.2275630
37.0950994 -8.2275021
37.0951332 -8.2279332
37.0950634 -8.2270089
37.0947973 -8.2285662
37.0939621 -8.2329393
37.0936806 -8.2330107
37.0936688 -8.2329782
37.0936808 -8.2328205
37.0962516 -8.2269725
37.0962715 -8.2269335
37.0948491 -8.2242134
37.0956680 -8.2228128
37.0927798 -8.2232930
37.0929782 -8.2233884
37.0930336 -8.2234154
37.0931698 -8.2234892
37.0933436 -8.2235981
37.0933978 -8.2236348
37.0932269 -8.2238053
37.0931373 -8.2235551
37.0933088 -8.2236543
37.0926249 -8.2232004
37.0922213 -8.2229280
37.0921472 -8.2228677
37.0919884 -8.2227246
37.0919052 -8.2226429
37.0917138 -8.2224549
37.0915517 -8.2223005
37.0897820 -8.2216070
37.0895812 -8.2215438
37.0930289 -8.2234392
37.0932997 -8.2237784
37.0934095 -8.2237126
37.0930475 -8.2235031
37.0891689 -8.2220923
37.0914447 -8.2239018
37.0919604 -8.2239735
37.0892266 -8.2210181
37.0895249 -8.2237660
37.0872383 -8.2237811
37.0893357 -8.2227729
37.0892713 -8.2225101
37.0891868 -8.2221655
37.0898764 -8.2209782
37.0898403 -8.2212192
37.0900925 -8.2212920
37.0899556 -8.2210345
37.0886714 -8.2345795
37.0886940 -8.2345105
37.0896661 -8.2322220
37.0904078 -8.2307991
37.0907390 -8.2295525
37.0886117 -8.2347259
37.0928798 -8.2328030
37.0928806 -8.2329606
37.0934623 -8.2329221
37.0909492 -8.2347841
37.0912573 -8.2342689
37.0912722 -8.2342410
37.0913080 -8.2340846
37.0912698 -8.2340082
37.0912968 -8.2339638
37.0913481 -8.2340174
37.0914472 -8.2338990
37.0915332 -8.2337543
37.0917123 -8.2334560
37.0883529 -8.2345884
37.0877412 -8.2286025
37.0882731 -8.2283007
37.0886923 -8.2297647
37.0886672 -8.2308735
37.0886549 -8.2314167
37.0887791 -8.2286355
37.0886998 -8.2289658
37.0886667 -8.2289865
37.0882334 -8.2292494
37.0877076 -8.2298463
37.0873094 -8.2302835
37.0871295 -8.2308806
37.0870840 -8.2312157
37.0870672 -8.2313386
37.0869739 -8.2317269
37.0866921 -8.2321448
37.0862126 -8.2325266
37.0860914 -8.2325144
37.0887857 -8.2284527
37.0886789 -8.2288916
37.0887134 -8.2293330
37.0882736 -8.2283061
37.0890227 -8.2294701
37.0900091 -8.2289551
37.0897395 -8.2292555
37.0912949 -8.2329087
37.0910155 -8.2326089
37.0901478 -8.2295775
37.0902787 -8.2296042
37.0913356 -8.2328926
37.0917016 -8.2334400
37.0892878 -8.2286148
37.0890163 -8.2287727
37.0875935 -8.2297839
37.0858255 -8.2324641
37.0851993 -8.2321663
37.0873581 -8.2293494
37.0858832 -8.2324143
37.0857221 -8.2323537
37.0857430 -8.2322895
37.0858892 -8.2323142
37.0857272 -8.2314321
37.0845788 -8.2317471
37.0853101 -8.2324405
37.0850887 -8.2322199
37.0861518 -8.2311045
37.0867182 -8.2309853
37.0867359 -8.2312345
37.0858582 -8.2317526
37.0859695 -8.2317205
37.0867009 -8.2314616
37.0867890 -8.2313047
37.0861535 -8.2317392
37.0863931 -8.2316212
37.0875870 -8.2436643
37.0913999 -8.2461316
37.0914850 -8.2462532
37.0914740 -8.2466191
37.0914391 -8.2471591
37.0914292 -8.2403916
37.0915883 -8.2394671
37.0916524 -8.2392108
37.0920852 -8.2380744
37.0921605 -8.2378118
37.0923922 -8.2364666
37.0923465 -8.2361358
37.0921397 -8.2359849
37.0921232 -8.2359932
37.0897928 -8.2383849
37.0899787 -8.2407430
37.0898598 -8.2407066
37.0898045 -8.2410334
37.0897181 -8.2410036
37.0920515 -8.2398472
37.0922489 -8.2400766
37.0920050 -8.2400807
37.0930205 -8.2418971
37.0926272 -8.2432140
37.0919090 -8.2447828
37.0908456 -8.2448043
37.0908186 -8.2444597
37.0911917 -8.2466018
37.0910104 -8.2464914
37.0908949 -8.2463439
37.0910898 -8.2462379
37.0913591 -8.2462312
37.0921916 -8.2356464
37.0922938 -8.2358497
37.0923407 -8.2359233
37.0923135 -8.2358576
37.0922413 -8.2358837
37.0921706 -8.2356693
37.0912871 -8.2454162
37.0911126 -8.2451993
37.0913974 -8.2449281
37.0911771 -8.2446856
37.0910628 -8.2450382
37.0945586 -8.2412933
37.0963349 -8.2415744
37.0949966 -8.2421299
37.0963264 -8.2427138
37.0954698 -8.2418214
37.0961023 -8.2396507
37.0959918 -8.2397079
37.0922521 -8.2453834
37.0923965 -8.2456782
37.0937240 -8.2462310
37.0936128 -8.2460164
37.0933753 -8.2462873
37.0920039 -8.2459628
37.0921857 -8.2458313
37.0949307 -8.2447182
37.0950480 -8.2445937
37.0951952 -8.2444373
37.0962709 -8.2432151
37.0947208 -8.2445060
37.0936556 -8.2439458
37.0953635 -8.2456935
37.0953745 -8.2455113
37.0953274 -8.2453964
37.0961064 -8.2429050
37.0961737 -8.2430821
37.0973161 -8.2446512
37.0968456 -8.2439943
37.0965202 -8.2435531
37.0954118 -8.2446821
37.0960805 -8.2446973
37.0975140 -8.2432349
37.0956260 -8.2450616
37.0951232 -8.2440611
37.0956025 -8.2434576
37.0933325 -8.2396301
37.0948323 -8.2440639
37.0897849 -8.2532633
37.0915029 -8.2461903
37.0914924 -8.2460916
37.0917069 -8.2463914
37.0934499 -8.2490334
37.0934563 -8.2489342
37.0937407 -8.2490991
37.0933900 -8.2489556
37.0932830 -8.2489181
37.0934134 -8.2487258
37.0933664 -8.2487679
37.0933686 -8.2488323
37.0915606 -8.2465873
37.0915821 -8.2463244
37.0917404 -8.2483226
37.0934884 -8.2488215
37.0930113 -8.2493928
37.0928595 -8.2493881
37.0913681 -8.2458952
37.0937066 -8.2490093
37.0935578 -8.2488827
37.0930295 -8.2480396
37.0931459 -8.2489711
37.0915369 -8.2462940
37.0915176 -8.2466234
37.0951186 -8.2476709
37.0947944 -8.2473985
37.0947399 -8.2473436
37.0949453 -8.2469520
37.0947334 -8.2470993
37.0945036 -8.2472591
37.0936165 -8.2475536
37.0935575 -8.2474872
37.0934659 -8.2473842
37.0943651 -8.2478226
37.0943541 -8.2480838
37.0940468 -8.2478425
37.0938576 -8.2476333
37.0937829 -8.2475514
37.0936883 -8.2474507
37.0945046 -8.2482449
37.0945326 -8.2485713
37.0938736 -8.2481052
37.0936775 -8.2478926
37.0935082 -8.2477154
37.0934784 -8.2475744
37.0934733 -8.2474970
37.0934584 -8.2472712
37.0935910 -8.2469926
37.0940211 -8.2469735
37.0941949 -8.2471476
37.0946842 -8.2484299
37.0946116 -8.2483551
37.0937659 -8.2477653
37.0939260 -8.2475347
37.0940017 -8.2474265
37.0940801 -8.2473125
37.0942665 -8.2475093
37.0941117 -8.2473452
37.0938348 -8.2472440
37.0937577 -8.2473575
37.0938494 -8.2474538
37.0946073 -8.2477647
37.0941891 -8.2476210
37.0939633 -8.2479691
37.0939245 -8.2473434
37.0932467 -8.2471645
37.0932253 -8.2472157
37.0932107 -8.2471588
37.0932402 -8.2471570
37.0950561 -8.2480304
37.0950161 -8.2480975
37.0933129 -8.2473705
37.0932573 -8.2472766
37.0931995 -8.2473275
37.0933805 -8.2471798
37.0930823 -8.2471001
37.0943091 -8.2471920
37.0933921 -8.2472927
37.0932900 -8.2474198
37.0934220 -8.2472229
37.0946867 -8.2469032
37.0946547 -8.2469259
37.0948997 -8.2492948
37.0987121 -8.2534630
37.1013762 -8.2545534
37.1012735 -8.2534483
37.0992083 -8.2509682
37.0990389 -8.2513977
37.0987472 -8.2532111
37.0988135 -8.2510385
37.0985137 -8.2526858
37.1026061 -8.2499158
37.0973233 -8.2470218
37.0969897 -8.2470057
37.0972868 -8.2476975
37.0969020 -8.2477299
37.0967197 -8.2487761
37.0980255 -8.2494108
37.0873540 -8.2524745
37.0913385 -8.2546312
37.0921820 -8.2544004
37.0921350 -8.2543968
37.0957950 -8.2397991
37.0963611 -8.2391840
37.0928564 -8.2374180
37.0928084 -8.2374931
37.0927794 -8.2375173
37.0927485 -8.2375491
37.0927047 -8.2375987
37.0925441 -8.2378104
37.0927987 -8.2374046
37.0927687 -8.2369594
37.0926220 -8.2373817
37.0924753 -8.2380231
37.0928266 -8.2374125
37.0927708 -8.2373966
37.0927425 -8.2373868
37.0927128 -8.2373787
37.0926891 -8.2373709
37.0926591 -8.2373642
37.0928629 -8.2358155
37.0928992 -8.2358918
37.0928928 -8.2365382
37.0929594 -8.2359975
37.0929445 -8.2365294
37.0936398 -8.2339832
37.0937505 -8.2340258
37.0937448 -8.2342005
37.0929926 -8.2353995
37.0931084 -8.2362761
37.0960274 -8.2361611
37.0953257 -8.2348066
37.0951350 -8.2347106
37.0950442 -8.2346268
37.0948272 -8.2345116
37.0952658 -8.2351472
37.0954112 -8.2348066
37.0951353 -8.2348066
37.0951374 -8.2349783
37.0951395 -8.2351499
37.0947514 -8.2344805
37.0944361 -8.2343252
37.0950261 -8.2350266
37.1015682 -8.2336506
37.1025795 -8.2345623
37.1013262 -8.2326571
37.1012834 -8.2326276
37.1018635 -8.2376176
37.1031868 -8.2382335
37.1020292 -8.2383414
37.1019208 -8.2384415
37.1019026 -8.2384733
37.1017856 -8.2384827
37.1017656 -8.2383298
37.1018799 -8.2382924
37.1019117 -8.2383258
37.0992444 -8.2392445
37.0987450 -8.2415371
37.0985622 -8.2414601
37.0992575 -8.2410444
37.0980821 -8.2426540
37.0980916 -8.2425679
37.0980704 -8.2417969
37.0977365 -8.2425926
37.0980338 -8.2430614
37.0989065 -8.2438389
37.1001624 -8.2406876
37.1002458 -8.2402246
37.1002411 -8.2400474
37.0999274 -8.2393209
37.0996706 -8.2393777
37.0995648 -8.2393263
37.0994939 -8.2392403
37.0994546 -8.2391089
37.0982355 -8.2415257
37.0973364 -8.2413019
37.0970896 -8.2404489
37.0981900 -8.2411543
37.0975075 -8.2403309
37.0973268 -8.2403427
37.0998710 -8.2390549
37.0998533 -8.2405327
37.0999231 -8.2402998
37.0998592 -8.2397176
37.1009226 -8.2385813
37.1007872 -8.2386426
37.1007229 -8.2386709
37.1005146 -8.2387725
37.1000704 -8.2389656
37.0990457 -8.2413153
37.0997408 -8.2406482
37.0997573 -8.2399124
37.0994992 -8.2394109
37.1000319 -8.2391132
37.0987229 -8.2366699
37.0975152 -8.2379425
37.0976477 -8.2378856
37.0986762 -8.2368891
37.1010245 -8.2340411
37.1014337 -8.2385293
37.1014998 -8.2389184
37.1007537 -8.2395592
37.1006583 -8.2392541
37.1005767 -8.2389806
37.1004323 -8.2399189
37.1002676 -8.2394307
37.1001841 -8.2391679
37.1011511 -8.2393154
37.1010692 -8.2390494
37.1008429 -8.2388577
37.1007911 -8.2388816
37.1009235 -8.2391222
37.1017287 -8.2406055
37.1015811 -8.2408952
37.1004572 -8.2398818
37.1005854 -8.2396375
37.0997220 -8.2386905
37.0997499 -8.2387146
37.0997520 -8.2382801
37.0991221 -8.2352540
37.0959867 -8.2337793
37.0951597 -8.2339081
37.0951353 -8.2340422
37.0953364 -8.2340384
37.0959842 -8.2338445
37.0963269 -8.2334360
37.0953403 -8.2342557
37.0960784 -8.2338453
37.0948333 -8.2339204
37.0991551 -8.2305902
37.0995377 -8.2309184
37.0985955 -8.2314050
37.0961674 -8.2550244
37.0961792 -8.2549544
37.0961488 -8.2551380
37.0946587 -8.2477969
37.0946884 -8.2477597
37.0947081 -8.2477339
37.0990473 -8.2506233
37.0990167 -8.2505672
37.0970867 -8.2240192
37.0983717 -8.2245525
37.1022863 -8.2259930
37.1023788 -8.2262467
37.1024671 -8.2265328
37.0976722 -8.2256245
37.0977093 -8.2247556
37.0987783 -8.2180560
37.0986812 -8.2177627
37.0986987 -8.2176903
37.0989214 -8.2175140
37.0991494 -8.2177540
37.0968830 -8.2239953
37.0975809 -8.2233259
37.0975784 -8.2231194
37.0975778 -8.2230630
37.0974020 -8.2220757
37.0983409 -8.2169530
37.1021157 -8.2164632
37.1020880 -8.2177486
37.1012643 -8.2182563
37.0998105 -8.2159755
37.0997571 -8.2161033
37.0997537 -8.2159168
37.0970838 -8.2168590
37.0966880 -8.2165238
37.0943689 -8.2169261
37.0946364 -8.2166894
37.0950471 -8.2162368
37.0946449 -8.2158747
37.0948139 -8.2160570
37.0970353 -8.2169307
37.0867500 -8.2200211
37.0865273 -8.2191702
37.0892127 -8.2225096
37.0891379 -8.2221834
37.0898289 -8.2223656
37.0914054 -8.2223912
37.0911340 -8.2232212
37.0925354 -8.2236352
37.0916432 -8.2225882
37.0915090 -8.2224355
37.0920530 -8.2239993
37.0925568 -8.2236370
37.0919921 -8.2239823
37.0919128 -8.2245462
37.0947604 -8.2243048
37.0931409 -8.2226043
37.0929932 -8.2230952
37.0960275 -8.2249676
37.0957681 -8.2247876
37.0960426 -8.2250272
37.0959377 -8.2249519
37.0965982 -8.2245920
37.0955820 -8.2260778
37.0972233 -8.2215126
37.0971094 -8.2216230
37.0968742 -8.2242244
37.0968743 -8.2241365
37.0964493 -8.2233729
37.0962687 -8.2235082
37.0962921 -8.2234504
37.0964656 -8.2233285
37.0967159 -8.2225534
37.0967363 -8.2225025
37.0971245 -8.2218158
37.0979267 -8.2237738
37.0979203 -8.2212900
37.0979909 -8.2212820
37.0977962 -8.2229879
37.0977941 -8.2230630
37.0977901 -8.2231146
37.0977920 -8.2232051
37.0973256 -8.2232932
37.0976058 -8.2220116
37.0975652 -8.2219338
37.0973256 -8.2232507
37.0992082 -8.2218023
37.0981514 -8.2258981
37.0979524 -8.2247876
37.1002684 -8.2222583
37.1002678 -8.2223201
37.1002647 -8.2226311
37.1002642 -8.2226767
37.1002593 -8.2231648
37.1002579 -8.2232234
37.1002577 -8.2233258
37.1002854 -8.2237423
37.1005366 -8.2240475
37.1009049 -8.2242585
37.1000211 -8.2232105
37.0994863 -8.2230898
37.1005013 -8.2221576
37.1006886 -8.2221913
37.1004468 -8.2226553
37.1004939 -8.2231220
37.1008940 -8.2224273
37.1000960 -8.2222503
37.1001046 -8.2223093
37.1003656 -8.2232266
37.1003383 -8.2237027
37.1004233 -8.2226151
37.1019293 -8.2228082
37.1011357 -8.2224327
37.1021433 -8.2262736
37.1022286 -8.2265478
37.0902111 -8.2189395
37.0898286 -8.2195068
37.0895871 -8.2199514
37.0894235 -8.2198488
37.0893366 -8.2200183
37.0910231 -8.2178919
37.0909307 -8.2177458
37.0932306 -8.2177089
37.0912872 -8.2164570
37.0902526 -8.2188812
37.0960369 -8.2429762
37.0862200 -8.2552252
37.1013745 -8.2593583
37.0955140 -8.2455840
37.0954552 -8.2455650
37.0948079 -8.2460360
37.0948289 -8.2460857
37.0948514 -8.2461365
37.0952654 -8.2447124
37.0953895 -8.2453561
37.0979929 -8.2443205
37.0981000 -8.2438970
37.0977406 -8.2434598
37.0974155 -8.2481939
37.0974058 -8.2475443
37.0984338 -8.2471827
37.0984287 -8.2472883
37.0979048 -8.2493462
37.0967528 -8.2487779
37.0954299 -8.2456447
37.0984913 -8.2461096
37.0985972 -8.2461233
37.0976765 -8.2462547
37.0981492 -8.2445917
37.0966132 -8.2452649
37.0949380 -8.2452032
37.0952987 -8.2454137
37.0964314 -8.2451339
37.0978706 -8.2494615
37.0948738 -8.2462520
37.0986949 -8.2458777
37.0967159 -8.2490576
37.0990650 -8.2459367
37.0988215 -8.2451048
37.0988301 -8.2449027
37.0987359 -8.2449019
37.0965212 -8.2452609
37.0954494 -8.2471076
37.0967807 -8.2467565
37.0954601 -8.2482207
37.0955779 -8.2485429
37.0962319 -8.2489670
37.0965404 -8.2489449
37.0966669 -8.2486285
37.0968015 -8.2468448
37.0966931 -8.2487746
37.0975887 -8.2435859
37.0977171 -8.2434303
37.0989152 -8.2447377
37.0976941 -8.2433972
37.0996232 -8.2425076
37.0995126 -8.2430828
37.0994777 -8.2437093
37.0981690 -8.2438227
37.0982199 -8.2439104
37.0963779 -8.2417292
37.0976230 -8.2434759
37.0975423 -8.2432773
37.0976144 -8.2487840
37.0995554 -8.2437091
37.0995957 -8.2430951
37.1003381 -8.2433337
37.1003341 -8.2433738
37.0972250 -8.2429046
37.0974956 -8.2432073
37.0973149 -8.2430253
37.0989580 -8.2571261
37.0986457 -8.2568130
37.0955778 -8.2555739
37.0939363 -8.2540729
37.0936202 -8.2541174
37.0956085 -8.2551611
37.0948055 -8.2491205
37.0947242 -8.2491419
37.0947969 -8.2494262
37.0940353 -8.2539055
37.0955224 -8.2489469
37.0955495 -8.2485592
37.0986566 -8.2565537
37.0955174 -8.2485799
37.0929316 -8.2469970
37.0943712 -8.2488737
37.0948034 -8.2490160
37.0953191 -8.2489818
37.0954984 -8.2485941
37.0942303 -8.2490704
37.0942569 -8.2490327
37.0946319 -8.2495797
37.0940051 -8.2539517
37.0901350 -8.2602971
37.0898016 -8.2575641
37.0896707 -8.2574406
37.0942493 -8.2494449
37.0945531 -8.2521187
37.0934272 -8.2535306
37.0887489 -8.2569379
37.0921997 -8.2555121
37.0933293 -8.2535782
37.0934287 -8.2535692
37.0945723 -8.2521298
37.0896727 -8.2573786
37.0937945 -8.2495003
37.0920036 -8.2466785
37.0942376 -8.2494128
37.0941375 -8.2494681
37.0941031 -8.2494847
37.0924177 -8.2557295
37.0899994 -8.2574973
37.0888301 -8.2572569
37.0887669 -8.2572470
37.0887079 -8.2572372
37.0886499 -8.2572276
37.0943496 -8.2502381
37.0943820 -8.2502216
37.0944307 -8.2501969
37.0943912 -8.2495199
37.0953183 -8.2490921
37.0955735 -8.2492465
37.0962318 -8.2490937
37.0956677 -8.2492251
37.0961985 -8.2490946
37.0943365 -8.2467047
37.0941893 -8.2466608
37.0942410 -8.2495875
37.0917155 -8.2462241
37.0915413 -8.2459440
37.0911535 -8.2460493
37.0839815 -8.2315901
37.0839183 -8.2313973
37.0864010 -8.2168909
37.0842059 -8.2318899
37.0839484 -8.2316243
37.0836967 -8.2311843
37.0835320 -8.2315754
37.0833375 -8.2316981
37.0831528 -8.2340422
37.0862209 -8.2268972
37.0863300 -8.2266103
37.0863295 -8.2264042
37.0863197 -8.2257775
37.0853267 -8.2222505
37.0851259 -8.2216257
37.0859154 -8.2238398
37.0856574 -8.2230601
37.0855450 -8.2227678
37.0897823 -8.2405986
37.0860685 -8.2239248
37.0896979 -8.2411295
37.0893949 -8.2345399
37.0867933 -8.2166364
37.0830840 -8.2324946
37.0831646 -8.2323871
37.0832585 -8.2321689
37.0831881 -8.2337712
37.0900786 -8.2594252
37.0889626 -8.2575578
37.0891925 -8.2297196
37.0890891 -8.2297034
37.0979634 -8.2487714
37.0844640 -8.2322392
37.0842901 -8.2324292
37.0835618 -8.2332759
37.0839464 -8.2332146
37.0838200 -8.2330540
37.0837000 -8.2332695
37.0835751 -8.2331618
37.0841329 -8.2332264
37.0841880 -8.2332239
37.0842140 -8.2332228
37.0843681 -8.2331374
37.0843875 -8.2331372
37.0837971 -8.2325831
37.0843499 -8.2325029
37.0847790 -8.2326621
37.0845740 -8.2334578
37.0842563 -8.2330135
37.0843781 -8.2320748
37.0844401 -8.2321862
37.0842351 -8.2321143
37.0839268 -8.2323579
37.0964870 -8.2426042
37.0861772 -8.2326877
37.0861704 -8.2327611
37.0856784 -8.2335744
37.0856625 -8.2335339
37.0861975 -8.2213115
37.0861818 -8.2216252
37.0947938 -8.2413333
37.0962468 -8.2441124
37.0873888 -8.2322454
37.0872178 -8.2336374
37.0903428 -8.2520939
37.1014397 -8.2416351
37.1009877 -8.2412346
37.1005255 -8.2408448
37.1004058 -8.2418157
37.0935404 -8.2442881
37.0917307 -8.2431473
37.0913243 -8.2433716
37.0919413 -8.2440501
37.0971473 -8.2388307
37.0848566 -8.2187553
37.0962876 -8.2553452
37.0962133 -8.2553388
37.0988997 -8.2561862
37.0948558 -8.2492358
37.0948012 -8.2491915
37.0986407 -8.2471536
37.0989664 -8.2474084
37.0996207 -8.2482308
37.0998760 -8.2485300
37.0990612 -8.2465928
37.1000431 -8.2466304
37.1003624 -8.2486989
37.0989739 -8.2468393
37.0933891 -8.2374133
37.0938917 -8.2378966
37.0942366 -8.2367828
37.0873567 -8.2282171
37.0876643 -8.2281901
37.0926194 -8.2281640
37.0981675 -8.2426122
37.0981676 -8.2431288
37.0983975 -8.2414364
37.0902385 -8.2277178
37.0926211 -8.2281931
37.0899585 -8.2278381
37.0898297 -8.2283541
37.0904620 -8.2308622
37.0932120 -8.2275163
37.0910723 -8.2359003
37.0910702 -8.2358533
37.0906326 -8.2360987
37.0905440 -8.2362722
37.0905679 -8.2367541
37.0880994 -8.2406869
37.0909685 -8.2348215
37.0914997 -8.2359117
37.0914258 -8.2358445
37.0909235 -8.2360005
37.0916832 -8.2355629
37.0893461 -8.2367794
37.0906033 -8.2360038
37.0904468 -8.2356263
37.0903351 -8.2354592
37.0894519 -8.2369289
37.0890246 -8.2366879
37.0908961 -8.2365455
37.0902807 -8.2369135
37.0896357 -8.2370207
37.0895289 -8.2372978
37.0890734 -8.2385663
37.0890625 -8.2386181
37.0890283 -8.2391528
37.0867494 -8.2343574
37.0866650 -8.2343647
37.0906427 -8.2352318
37.0904899 -8.2354663
37.0891083 -8.2385864
37.0888893 -8.2394126
37.0845107 -8.2386216
37.0994177 -8.2439030
37.0991567 -8.2387641
37.0988798 -8.2388797
37.0903100 -8.2354241
37.0858533 -8.2221634
37.0861098 -8.2217331
37.0859088 -8.2220602
37.0951049 -8.2309088
37.0970993 -8.2291001
37.0872745 -8.2318018
37.0871907 -8.2314448
37.0871177 -8.2321971
37.0890863 -8.2317295
37.0867436 -8.2201030
37.0917190 -8.2318682
37.0920841 -8.2310202
37.0961906 -8.2449124
37.0928277 -8.2347075
37.0854995 -8.2424245
37.0912899 -8.2343020
37.0915149 -8.2344040
37.0921563 -8.2356869
37.0909032 -8.2346750
37.0912469 -8.2340457
37.0912180 -8.2342291
37.0914008 -8.2339040
37.0913246 -8.2339182
37.0928680 -8.2328030
37.0916553 -8.2334624
37.0916034 -8.2335698
37.0915085 -8.2337263
37.0922490 -8.2356457
37.0922267 -8.2356013
37.0917616 -8.2346736
37.0915868 -8.2343249
37.0915764 -8.2338033
37.0910651 -8.2365865
37.0923841 -8.2364692
37.0921143 -8.2377519
37.0921047 -8.2377868
37.0920952 -8.2378212
37.0920430 -8.2379928
37.0920300 -8.2380351
37.0920207 -8.2380652
37.0916001 -8.2391771
37.0927422 -8.2366767
37.0927795 -8.2364450
37.0929391 -8.2353835
37.0925039 -8.2379146
37.0924520 -8.2381118
37.0929753 -8.2328034
37.0934949 -8.2328805
37.0937642 -8.2326624
37.0939941 -8.2326633
37.0985236 -8.2180902
37.0959482 -8.2238801
37.0959949 -8.2233124
37.0958315 -8.2237901
37.0920469 -8.2398198
37.0919428 -8.2401324
37.0881266 -8.2569462
37.0909298 -8.2360973
37.0878703 -8.2365789
37.0881517 -8.2366852
37.0882125 -8.2367230
37.0885234 -8.2368773
37.0885858 -8.2368294
37.0886342 -8.2368493
37.0886733 -8.2369286
37.0881022 -8.2374374
37.0883779 -8.2375573
37.0885270 -8.2370075
37.0885157 -8.2369689
37.0878403 -8.2366612
37.0883497 -8.2385393
37.0880806 -8.2375026
37.0883708 -8.2376347
37.0886779 -8.2387196
37.0884592 -8.2386056
37.0885833 -8.2370559
37.0886583 -8.2370127
37.0945605 -8.2512689
37.0944707 -8.2505514
37.0892295 -8.2393590
37.0916842 -8.2407569
37.0915883 -8.2410969
37.0921076 -8.2371832
37.0919718 -8.2371685
37.0920071 -8.2377358
37.0919161 -8.2379933
37.0917621 -8.2379235
37.0918519 -8.2376955
37.0918402 -8.2372583
37.0919472 -8.2370947
37.0914679 -8.2388140
37.0915342 -8.2382521
37.0921354 -8.2367018
37.0900034 -8.2379072
37.0907630 -8.2377248
37.0932947 -8.2535208
37.0878039 -8.2166992
37.0959164 -8.2548625
37.0961715 -8.2550049
37.0961403 -8.2551756
37.1003882 -8.2426932
37.1000480 -8.2430491
37.0946518 -8.2412892
37.0946567 -8.2411855
37.0887501 -8.2570348
37.0887054 -8.2570267
37.0887612 -8.2571901
37.0887787 -8.2573228
37.0887152 -8.2573126
37.0887091 -8.2571878
37.0887345 -8.2572138
37.0887358 -8.2571606
37.0913714 -8.2340132
37.0914212 -8.2340508
37.0914283 -8.2341014
37.0913783 -8.2341617
37.0913649 -8.2341641
37.0913113 -8.2341138
37.0923344 -8.2359481
37.0922820 -8.2359821
37.0922622 -8.2359742
37.0922351 -8.2359085
37.0870525 -8.2244382
37.0870417 -8.2246567
37.0867702 -8.2246237
37.0869958 -8.2244461
37.0870191 -8.2244429
37.0870234 -8.2245226
37.0870267 -8.2245831
37.0870999 -8.2245299
37.0989740 -8.2463754
37.0988707 -8.2463790
37.0988880 -8.2459774
37.0989936 -8.2459766
37.0965063 -8.2178365
37.0914273 -8.2457301
37.0911015 -8.2442734
37.0913353 -8.2408384
37.0950770 -8.2551203
37.0946772 -8.2549180
37.0879281 -8.2522294
3594
1 2 1
2 3 1
3 4 1
4 5 1
5 6 1
6 7 1
7 8 1
8 1 1
9 10 1
11 12 1
12 13 1
13 14 1
14 15 1
15 16 1
16 17 1
17 11 1
18 19 1
19 20 1
20 21 1
21 22 1
22 23 1
23 24 1
24 18 1
25 24 1
26 27 1
27 28 1
28 29 1
29 30 1
31 32 1
32 33 1
33 31 1
34 35 1
35 36 1
36 37 1
37 34 1
38 39 1
39 40 1
40 41 1
41 42 1
42 43 1
43 44 1
44 45 1
45 46 1
47 48 1
48 49 1
49 50 1
50 51 1
51 46 1
46 52 1
52 53 1
53 54 1
54 47 1
54 55 1
56 57 1
57 58 1
58 59 1
59 60 1
60 61 1
61 56 1
62 63 1
64 65 1
66 67 1
67 68 1
68 69 1
69 70 1
70 71 1
71 72 1
72 73 1
64 74 1
20 75 1
76 77 1
77 78 1
79 80 1
81 82 1
82 76 1
76 83 1
83 84 1
84 85 1
85 86 1
87 88 1
88 78 1
78 89 1
86 90 1
90 91 1
92 93 1
93 94 1
94 95 1
96 97 1
97 98 1
98 99 1
99 100 1
101 102 1
102 103 1
103 104 1
104 105 1
105 106 1
106 107 1
107 108 1
109 110 1
110 111 1
111 112 1
112 113 1
114 115 1
115 116 1
116 117 1
117 118 1
51 119 1
119 120 1
120 121 1
121 122 1
122 123 1
123 124 1
124 125 1
125 126 1
127 128 1
128 129 1
130 131 1
132 133 1
133 134 1
134 135 1
135 136 1
136 137 1
137 138 1
138 139 1
140 141 1
141 142 1
142 143 1
143 114 1
114 144 1
144 145 1
145 146 1
146 147 1
147 140 1
148 149 1
149 150 1
151 152 1
153 154 1
154 155 1
155 144 1
156 157 1
157 158 1
158 159 1
159 160 1
160 161 1
161 162 1
162 163 1
163 164 1
164 156 1
165 166 1
167 168 1
169 170 1
170 171 1
171 172 1
172 173 1
173 174 1
174 175 1
157 176 1
177 178 1
178 179 1
179 6 1
180 181 1
181 182 1
183 184 1
184 185 1
185 186 1
186 187 1
187 188 1
188 189 1
190 191 1
191 192 1
192 193 1
193 194 1
194 195 1
195 196 1
196 197 1
197 198 1
199 200 1
200 127 1
127 201 1
201 202 1
202 203 1
203 204 1
204 168 1
168 199 1
205 206 1
206 148 1
148 207 1
207 208 1
209 118 1
118 210 1
210 211 1
211 212 1
212 73 1
73 165 1
165 213 1
213 153 1
153 209 1
214 215 1
215 216 1
216 217 1
217 218 1
218 219 1
219 220 1
207 221 1
221 222 1
222 223 1
224 225 1
225 226 1
227 228 1
228 229 1
229 230 1
230 231 1
231 232 1
232 233 1
233 234 1
234 235 1
235 236 1
237 238 1
239 240 1
240 241 1
241 242 1
242 243 1
244 245 1
243 246 1
246 247 1
247 248 1
248 249 1
249 250 1
251 252 1
252 253 1
253 254 1
254 255 1
255 256 1
255 257 1
257 258 1
82 77 1
77 259 1
260 261 1
261 262 1
262 263 1
263 264 1
119 265 1
265 266 1
266 267 1
267 268 1
268 269 1
269 270 1
271 272 1
272 273 1
273 274 1
147 275 1
275 276 1
276 277 1
277 278 1
278 279 1
279 280 1
280 281 1
282 283 1
283 284 1
285 286 1
286 287 1
288 289 1
290 291 1
291 292 1
293 294 1
295 296 1
297 298 1
298 299 1
299 300 1
300 301 1
301 302 1
302 303 1
303 304 1
304 305 1
305 306 1
307 308 1
308 309 1
309 310 1
310 311 1
311 312 1
312 313 1
313 314 1
314 315 1
315 316 1
288 317 1
317 318 1
319 320 1
320 321 1
321 295 1
295 322 1
322 323 1
323 324 1
324 319 1
122 325 1
325 326 1
326 327 1
327 328 1
328 329 1
329 330 1
330 331 1
331 332 1
332 333 1
333 334 1
334 335 1
335 336 1
336 337 1
337 338 1
339 340 1
340 341 1
341 340 1
342 343 1
343 344 1
344 345 1
345 346 1
346 347 1
347 348 1
348 349 1
350 351 1
352 353 1
353 354 1
354 355 1
356 357 1
357 358 1
358 359 1
359 360 1
360 361 1
361 362 1
363 364 1
365 322 1
359 366 1
366 367 1
367 368 1
368 369 1
345 370 1
370 371 1
371 372 1
372 373 1
373 374 1
374 375 1
375 376 1
376 377 1
377 378 1
378 379 1
380 381 1
382 383 1
383 384 1
385 386 1
386 387 1
387 388 1
389 390 1
390 391 1
391 392 1
392 393 1
393 394 1
394 395 1
395 396 1
396 397 1
397 339 1
339 321 1
373 398 1
398 399 1
399 400 1
400 401 1
401 372 1
402 403 1
403 404 1
404 405 1
368 406 1
406 383 1
407 287 1
287 408 1
408 409 1
409 410 1
410 411 1
411 351 1
351 352 1
352 407 1
412 413 1
413 414 1
414 415 1
96 416 1
416 363 1
409 417 1
408 418 1
418 419 1
419 420 1
420 421 1
22 422 1
221 423 1
424 223 1
223 86 1
425 426 1
427 428 1
428 429 1
429 430 1
375 431 1
431 432 1
432 433 1
433 430 1
430 379 1
434 435 1
435 436 1
436 437 1
264 438 1
438 439 1
439 440 1
440 441 1
441 442 1
442 141 1
443 444 1
444 177 1
177 445 1
445 446 1
446 447 1
447 448 1
448 443 1
449 450 1
451 450 1
450 65 1
452 453 1
452 454 1
455 456 1
456 457 1
457 458 1
458 459 1
459 460 1
461 462 1
462 463 1
463 464 1
464 465 1
465 466 1
466 467 1
245 468 1
170 469 1
469 470 1
249 173 1
471 472 1
472 473 1
474 475 1
475 476 1
476 477 1
477 478 1
478 479 1
479 480 1
480 481 1
482 483 1
479 484 1
484 485 1
485 486 1
487 488 1
489 490 1
490 491 1
492 493 1
230 494 1
494 495 1
496 497 1
497 498 1
498 499 1
499 500 1
501 502 1
502 503 1
503 497 1
504 505 1
506 174 1
98 498 1
509 510 1
510 511 1
511 512 1
235 513 1
513 514 1
464 515 1
515 516 1
516 517 1
416 518 1
518 519 1
519 493 1
493 504 1
504 520 1
520 521 1
521 522 1
522 523 1
523 492 1
492 519 1
97 499 1
524 525 1
526 524 1
524 525 1
525 527 1
527 528 1
469 529 1
530 531 1
531 532 1
532 533 1
533 534 1
534 471 1
471 535 1
535 536 1
536 537 1
537 538 1
538 530 1
539 182 1
284 500 1
536 540 1
540 541 1
541 542 1
542 543 1
543 544 1
544 545 1
505 546 1
535 540 1
547 475 1
475 508 1
548 549 1
549 550 1
550 551 1
273 552 1
552 553 1
553 554 1
246 555 1
555 556 1
556 557 1
557 558 1
558 559 1
559 560 1
560 506 1
506 561 1
562 563 1
563 491 1
491 473 1
473 561 1
564 565 1
298 566 1
566 567 1
568 569 1
569 570 1
571 572 1
572 573 1
574 575 1
575 576 1
576 577 1
577 578 1
579 572 1
580 581 1
581 582 1
582 583 1
583 584 1
344 585 1
586 579 1
579 386 1
587 588 1
371 589 1
589 590 1
590 591 1
166 213 1
291 564 1
343 592 1
593 594 1
594 580 1
580 595 1
595 596 1
597 598 1
575 576 1
591 401 1
401 398 1
600 601 1
601 602 1
602 573 1
603 604 1
605 587 1
587 606 1
606 607 1
607 608 1
608 609 1
609 610 1
610 605 1
611 612 1
613 614 1
614 615 1
399 616 1
616 617 1
590 619 1
619 620 1
620 349 1
348 621 1
622 623 1
624 625 1
577 626 1
627 628 1
432 431 1
626 629 1
630 631 1
631 570 1
570 632 1
633 634 1
635 636 1
636 637 1
638 639 1
640 641 1
641 642 1
643 644 1
644 645 1
571 378 1
646 647 1
648 649 1
651 652 1
581 653 1
653 654 1
654 583 1
583 655 1
656 292 1
375 657 1
657 617 1
617 600 1
600 602 1
602 376 1
660 608 1
661 662 1
662 663 1
653 654 1
664 665 1
665 666 1
666 667 1
667 615 1
615 668 1
668 669 1
669 670 1
670 613 1
613 671 1
671 672 1
589 673 1
625 674 1
674 675 1
675 676 1
676 677 1
374 616 1
616 678 1
679 680 1
680 681 1
681 682 1
682 683 1
684 685 1
687 688 1
688 686 1
686 689 1
689 690 1
691 692 1
693 694 1
694 695 1
689 696 1
696 697 1
698 699 1
699 700 1
700 701 1
701 702 1
702 703 1
704 705 1
706 707 1
708 709 1
711 712 1
713 706 1
714 715 1
715 716 1
716 707 1
707 714 1
717 710 1
710 718 1
718 719 1
719 720 1
721 722 1
723 724 1
724 725 1
727 728 1
728 729 1
728 730 1
730 725 1
725 729 1
729 723 1
723 731 1
731 726 1
726 732 1
733 734 1
734 735 1
735 736 1
736 737 1
703 738 1
740 740 1
741 742 1
742 743 1
744 745 1
746 739 1
747 748 1
748 749 1
751 749 1
749 752 1
752 748 1
753 743 1
743 750 1
750 741 1
754 755 1
755 746 1
746 747 1
747 756 1
760 761 1
761 762 1
762 763 1
764 765 1
766 767 1
768 769 1
771 772 1
765 773 1
773 774 1
775 776 1
776 776 1
777 778 1
779 780 1
780 781 1
397 782 1
782 783 1
783 784 1
361 785 1
785 786 1
786 787 1
787 760 1
760 788 1
789 790 1
790 791 1
791 767 1
767 764 1
764 792 1
793 794 1
795 796 1
796 797 1
111 798 1
798 799 1
799 800 1
801 335 1
802 803 1
803 804 1
804 759 1
759 771 1
771 805 1
805 806 1
806 392 1
807 808 1
808 766 1
809 777 1
810 811 1
811 812 1
814 815 1
816 817 1
818 819 1
819 820 1
793 814 1
814 821 1
821 822 1
822 823 1
823 824 1
824 825 1
825 826 1
826 827 1
827 92 1
92 828 1
828 829 1
829 830 1
830 831 1
831 832 1
833 834 1
835 816 1
816 836 1
836 837 1
838 839 1
839 840 1
840 838 1
841 124 1
829 835 1
835 842 1
842 843 1
843 775 1
775 813 1
813 826 1
844 774 1
845 846 1
847 840 1
848 849 1
850 851 1
852 779 1
779 797 1
797 768 1
768 853 1
853 854 1
854 822 1
855 856 1
853 857 1
857 858 1
858 795 1
859 860 1
860 861 1
861 862 1
862 863 1
864 865 1
865 866 1
866 867 1
867 809 1
869 848 1
848 870 1
871 872 1
872 873 1
873 874 1
874 875 1
123 833 1
833 834 1
834 841 1
40 794 1
794 41 1
876 877 1
877 878 1
878 61 1
879 872 1
880 358 1
881 869 1
869 851 1
851 882 1
270 883 1
883 884 1
884 331 1
362 885 1
885 886 1
860 783 1
856 887 1
887 888 1
359 889 1
889 890 1
890 788 1
858 824 1
891 892 1
892 893 1
893 894 1
895 896 1
94 812 1
897 898 1
898 899 1
899 900 1
901 902 1
902 903 1
904 905 1
906 907 1
907 908 1
909 910 1
912 913 1
913 679 1
679 650 1
650 914 1
914 915 1
915 916 1
917 918 1
918 919 1
919 920 1
920 921 1
921 922 1
922 923 1
924 925 1
925 921 1
57 50 1
926 927 1
927 920 1
928 63 1
418 929 1
929 930 1
930 929 1
931 44 1
932 933 1
933 934 1
934 935 1
935 936 1
52 938 1
43 931 1
939 940 1
940 941 1
942 943 1
943 943 1
945 946 1
948 949 1
950 951 1
951 952 1
216 950 1
950 954 1
954 955 1
955 956 1
958 959 1
959 960 1
961 962 1
219 965 1
965 947 1
947 966 1
967 217 1
960 968 1
968 969 1
970 971 1
973 964 1
974 944 1
944 975 1
975 976 1
976 977 1
977 978 1
978 979 1
979 980 1
980 981 1
982 972 1
946 983 1
985 986 1
989 990 1
990 991 1
991 992 1
993 994 1
994 995 1
996 997 1
998 999 1
999 992 1
992 1000 1
1000 995 1
1001 1002 1
995 1003 1
1003 1004 1
1005 1006 1
1007 1008 1
1008 1009 1
1009 1010 1
1012 989 1
989 1013 1
1014 1015 1
1015 1016 1
1016 1017 1
1017 1014 1
1019 1020 1
1016 1021 1
196 1023 1
1023 988 1
988 1024 1
1024 1025 1
1025 1026 1
1026 1027 1
1027 1018 1
1018 1001 1
1001 1028 1
1028 1029 1
1029 1030 1
1030 1031 1
1032 1033 1
1034 1035 1
1036 1019 1
1019 1037 1
1037 1038 1
1038 1039 1
1039 1040 1
1040 1006 1
1006 1041 1
1041 1042 1
995 1043 1
1043 996 1
1004 998 1
998 1012 1
1038 1044 1
1044 987 1
987 1045 1
1045 1011 1
1037 1046 1
1015 1047 1
1040 1005 1
1005 1042 1
1042 1048 1
1048 1049 1
1044 1050 1
1051 1020 1
1046 1051 1
1051 1052 1
1041 1053 1
1053 1053 1
993 1054 1
1008 1055 1
1055 1056 1
1057 1017 1
1025 1022 1
1022 1036 1
192 1034 1
1034 1035 1
1035 1058 1
1058 193 1
197 1059 1
1059 993 1
176 158 1
422 942 1
973 1060 1
1060 1061 1
1061 1062 1
1062 1063 1
1060 1061 1
1062 1064 1
1064 1065 1
1065 1066 1
1067 1068 1
436 1069 1
1069 1068 1
1068 1070 1
1072 1073 1
1075 1076 1
533 1077 1
1077 1078 1
1078 1079 1
542 1080 1
1081 1082 1
1082 533 1
1083 1084 1
1084 1085 1
1086 1087 1
1088 428 1
677 674 1
341 340 1
42 1093 1
1093 952 1
952 1094 1
1094 1095 1
1095 1096 1
1096 214 1
214 945 1
945 19 1
1097 637 1
637 1098 1
634 1099 1
166 251 1
251 1100 1
1100 1101 1
1101 1102 1
1102 1103 1
1104 1105 1
1105 211 1
210 1106 1
1106 1104 1
1107 1108 1
641 1109 1
593 1110 1
1110 1111 1
651 652 1
652 647 1
647 603 1
603 604 1
604 651 1
129 1112 1
1112 201 1
204 167 1
167 1113 1
1114 1115 1
1115 1116 1
309 1117 1
1117 1118 1
1118 312 1
301 1119 1
1119 1120 1
1120 304 1
417 410 1
417 1121 1
1121 1122 1
1122 1123 1
1123 1124 1
1124 1125 1
49 1126 1
1126 58 1
938 1127 1
1127 1128 1
1128 1129 1
1129 1130 1
1130 1131 1
1132 1133 1
931 1134 1
1134 1135 1
1135 1136 1
105 1137 1
102 1138 1
1138 1139 1
1139 1140 1
1140 1141 1
1141 1142 1
1139 1143 1
1140 1144 1
1141 1145 1
1142 138 1
282 1146 1
198 1031 1
1031 160 1
1147 1148 1
878 1149 1
1150 1151 1
1151 1152 1
1152 1153 1
1153 224 1
1154 546 1
546 1155 1
364 526 1
526 1156 1
1156 488 1
488 1157 1
1154 1158 1
1158 1159 1
1159 1160 1
1160 1161 1
1161 244 1
1162 1163 1
1163 1164 1
1129 1165 1
1165 908 1
908 937 1
676 1166 1
1125 754 1
1167 1168 1
1168 1169 1
1169 864 1
864 1170 1
1170 612 1
612 1171 1
534 1082 1
1172 1173 1
1174 1172 1
1175 562 1
1176 1177 1
1177 1178 1
1178 1179 1
1179 1176 1
227 563 1
1180 1181 1
1181 682 1
395 1182 1
1157 1150 1
487 528 1
528 1183 1
1183 1146 1
1184 512 1
512 1154 1
1156 487 1
1151 1184 1
1155 363 1
596 1185 1
1185 1186 1
1182 1182 1
150 237 1
237 424 1
243 489 1
489 227 1
424 1188 1
1188 239 1
1189 1190 1
1191 1192 1
531 1193 1
1193 1194 1
1194 1195 1
1196 1197 1
1197 1198 1
1199 1200 1
1200 1201 1
1201 1202 1
1202 1203 1
1204 1205 1
1206 1207 1
1161 1209 1
1200 1208 1
1210 1211 1
1211 1212 1
1212 1160 1
467 1213 1
1213 1214 1
1214 483 1
1205 1215 1
1216 1204 1
1217 1218 1
713 712 1
712 1219 1
1219 1220 1
132 1221 1
1221 1150 1
645 648 1
648 1091 1
1091 1089 1
1089 1092 1
1092 1090 1
1090 1222 1
1222 1223 1
1224 1225 1
1225 1125 1
1157 1226 1
1226 132 1
645 1227 1
1227 1228 1
1228 1229 1
1229 1162 1
1162 1230 1
1231 1232 1
1232 1233 1
159 198 1
1234 916 1
1103 1108 1
1108 1109 1
1109 1235 1
1235 1236 1
1236 1237 1
1237 1238 1
182 1083 1
1111 1239 1
1239 1240 1
100 539 1
539 496 1
1241 1242 1
1169 1243 1
1243 1244 1
1244 1234 1
1234 1245 1
1245 1246 1
1246 1247 1
1247 1248 1
1248 320 1
1249 532 1
532 533 1
533 1077 1
1077 1250 1
1250 1251 1
1251 1079 1
1079 1252 1
1252 1253 1
1253 1254 1
1254 1255 1
1255 1249 1
1256 1257 1
1257 1258 1
1258 1259 1
561 1081 1
1081 175 1
1196 545 1
1261 529 1
529 1261 1
470 470 1
236 1196 1
820 1263 1
80 274 1
1264 1265 1
1265 1266 1
1266 1267 1
1267 1268 1
1268 1269 1
175 1270 1
1270 1271 1
1271 1232 1
1232 1272 1
1273 456 1
1274 1275 1
458 1273 1
1273 457 1
152 1276 1
35 1277 1
1277 1278 1
1279 1280 1
1280 1281 1
1281 27 1
37 1279 1
1282 1170 1
1284 1285 1
1192 1286 1
1287 1286 1
1190 1191 1
1191 1283 1
1283 1284 1
1 1288 1
1288 1289 1
1289 1290 1
1290 1291 1
1291 1292 1
1292 146 1
1293 1294 1
1294 1295 1
1295 1296 1
1296 2 1
1297 1298 1
1299 1300 1
1300 1301 1
1302 1303 1
1303 1304 1
1304 1305 1
1305 1306 1
1306 1307 1
1307 1308 1
1308 1309 1
1309 1310 1
1310 1302 1
5 1311 1
1311 1312 1
1312 445 1
1313 379 1
1314 1297 1
1315 646 1
646 1314 1
1316 388 1
388 1301 1
1317 1318 1
1318 1319 1
1319 1299 1
1320 1321 1
1299 1322 1
1323 1324 1
1325 1326 1
1326 1327 1
1328 1329 1
1329 155 1
155 115 1
1330 1323 1
1323 1320 1
1327 185 1
1331 1318 1
1300 1332 1
1332 1331 1
1331 1317 1
1332 1319 1
1333 1325 1
1334 1335 1
1336 1335 1
1337 1338 1
1338 1339 1
1339 1337 1
655 1337 1
1339 1340 1
1340 1341 1
1343 1344 1
1344 1345 1
1345 1346 1
1346 305 1
305 308 1
308 1342 1
582 1338 1
1348 96 1
1349 1350 1
1351 1352 1
1353 1175 1
1175 1350 1
1350 1352 1
1352 1257 1
1257 1353 1
1354 1174 1
1174 1354 1
241 1355 1
554 1356 1
1356 1357 1
548 1085 1
1085 1358 1
1359 1360 1
1360 96 1
284 1348 1
76 552 1
180 244 1
807 1361 1
1361 1362 1
1362 1363 1
1363 1364 1
1364 1365 1
1365 1366 1
1366 1367 1
1367 1368 1
1368 1369 1
245 1358 1
1358 180 1
1370 1371 1
1371 1372 1
1372 548 1
500 501 1
501 282 1
763 879 1
879 1373 1
1373 875 1
875 1374 1
1374 1375 1
1375 1376 1
1376 1377 1
1377 904 1
904 758 1
758 789 1
789 807 1
85 90 1
537 1378 1
1378 1080 1
1080 1379 1
1379 1380 1
1380 1178 1
1178 1177 1
1177 1381 1
1381 1382 1
1382 1383 1
1383 1384 1
1384 1370 1
1370 1371 1
1371 1372 1
1372 548 1
548 549 1
549 550 1
550 551 1
551 468 1
468 530 1
530 538 1
538 537 1
1196 1385 1
1179 1386 1
1386 1387 1
1387 1388 1
1388 1385 1
1385 1260 1
1260 1262 1
1262 1176 1
1176 1179 1
545 1389 1
1389 1390 1
1390 1391 1
1391 1387 1
1197 544 1
1392 1393 1
1386 1394 1
1394 1392 1
1395 1379 1
1394 1396 1
1397 543 1
1390 1397 1
1397 1395 1
1393 1380 1
1173 1398 1
149 1399 1
1399 1400 1
1400 150 1
150 149 1
1183 737 1
1013 1013 1
1401 1401 1
1269 264 1
1269 263 1
263 278 1
142 183 1
183 143 1
1403 1404 1
1404 1405 1
1406 1407 1
1407 1408 1
1404 1406 1
1406 1409 1
1410 1411 1
1411 1412 1
1407 1413 1
1413 1410 1
1410 1414 1
1411 1415 1
1415 1416 1
1416 1417 1
1416 1418 1
1418 1419 1
7 1420 1
1420 1421 1
1421 1422 1
1422 8 1
1289 1423 1
1423 1291 1
3 1424 1
1424 4 1
1424 1425 1
1425 1426 1
1316 1305 1
1304 1316 1
1308 1315 1
1315 1309 1
1306 1426 1
1426 1307 1
446 1427 1
448 1428 1
1428 444 1
1427 447 1
1429 1430 1
1430 1431 1
1431 1429 1
594 1430 1
1430 1431 1
1431 1432 1
346 621 1
621 630 1
1433 1434 1
1434 1435 1
1435 565 1
565 1436 1
1436 656 1
656 427 1
427 1088 1
1088 1313 1
1313 1437 1
1437 1438 1
1438 586 1
586 385 1
385 1439 1
1440 1238 1
1441 1442 1
1442 619 1
619 1443 1
1443 347 1
1444 1445 1
1445 1446 1
1446 1447 1
1447 1440 1
1440 1448 1
1448 1449 1
1449 1450 1
1450 1451 1
1451 1444 1
342 1445 1
1452 1450 1
1449 1452 1
1451 342 1
1238 1448 1
1453 1454 1
1454 502 1
1455 1456 1
1456 1454 1
1457 1456 1
1458 1455 1
1455 1459 1
1146 1460 1
1460 733 1
733 1461 1
1462 518 1
1463 732 1
1464 1465 1
1465 283 1
190 1466 1
1467 190 1
1468 1469 1
1469 1470 1
1470 1471 1
1471 1467 1
1467 1466 1
1466 1463 1
1463 1468 1
527 1183 1
1461 1470 1
1469 1461 1
1472 1465 1
1473 1460 1
1155 364 1
1474 507 1
507 1475 1
1216 1476 1
1476 1477 1
1477 461 1
461 547 1
547 1478 1
1478 1479 1
1479 1480 1
1480 1481 1
1481 1482 1
1482 1104 1
68 1240 1
1240 69 1
481 1483 1
1483 1484 1
1485 1486 1
476 658 1
477 1476 1
116 1487 1
1487 1488 1
1488 508 1
1489 484 1
486 1490 1
1490 1489 1
1489 1491 1
485 1490 1
1492 1195 1
1195 1493 1
522 523 1
1494 1495 1
1495 1496 1
1496 1497 1
1497 1498 1
1498 697 1
697 1499 1
1499 1452 1
1494 200 1
199 1494 1
202 698 1
698 1500 1
1500 203 1
86 1357 1
1357 205 1
1501 1502 1
1501 83 1
250 88 1
91 1502 1
1502 259 1
259 87 1
1503 513 1
513 1504 1
1504 234 1
1198 514 1
514 495 1
495 232 1
1083 1382 1
1382 1383 1
1383 1384 1
1384 1370 1
1084 1371 1
472 1505 1
1506 1396 1
1396 1391 1
1378 541 1
557 1507 1
1507 490 1
556 1507 1
1508 1270 1
1509 186 1
1510 1509 1
1509 188 1
189 1511 1
1512 480 1
134 1513 1
1513 136 1
1514 133 1
135 1513 1
1207 1515 1
1515 1516 1
1517 1518 1
1519 1520 1
1521 1522 1
1523 1524 1
1524 99 1
1525 1517 1
1520 1526 1
1518 1523 1
1522 1525 1
1388 1389 1
1527 1528 1
247 1529 1
1528 1530 1
1531 1530 1
1530 242 1
1532 1527 1
1527 1531 1
1531 1529 1
1529 1532 1
553 1533 1
1533 84 1
1534 1535 1
1536 1537 1
1359 1526 1
1526 1538 1
1538 97 1
1539 1540 1
98 1541 1
1542 1543 1
1543 1126 1
1544 1545 1
1545 1546 1
1547 918 1
1549 1550 1
1551 1548 1
1548 1545 1
1216 1512 1
1512 1209 1
1209 1486 1
1486 1493 1
1493 1483 1
1483 1491 1
1552 1552 1
1554 1555 1
1556 1555 1
224 1557 1
1557 1558 1
1558 1230 1
1559 1560 1
1560 1561 1
1561 1562 1
1562 1559 1
1563 1559 1
1559 1562 1
1562 1561 1
1561 1560 1
1560 1563 1
1564 1565 1
1198 1505 1
1505 228 1
1565 1566 1
1566 1565 1
1564 1564 1
1271 1251 1
1567 1568 1
1569 240 1
1570 248 1
1571 1572 1
1570 1567 1
1567 1571 1
1571 556 1
556 555 1
555 1573 1
1573 1574 1
1574 1570 1
248 1574 1
1574 1573 1
1568 560 1
560 559 1
559 1568 1
1245 1575 1
1575 1576 1
1576 1248 1
898 1577 1
1577 1578 1
1578 1579 1
1579 1579 1
1577 899 1
1321 1324 1
1324 1333 1
1333 1328 1
1328 1321 1
1580 1581 1
1582 1580 1
1580 1159 1
1142 1583 1
1584 1138 1
1585 1582 1
1583 1145 1
1145 1144 1
1144 1143 1
1143 1584 1
1586 1586 1
1587 1586 1
1588 1589 1
1590 1589 1
1589 1591 1
1592 1593 1
1593 1594 1
1594 1595 1
1596 1597 1
1597 1598 1
469 171 1
1599 1600 1
1601 1602 1
324 412 1
412 1603 1
1603 1604 1
1604 415 1
415 1605 1
1605 1606 1
1606 1607 1
1607 1608 1
1608 1168 1
382 1605 1
1605 1234 1
889 357 1
357 1609 1
1609 778 1
778 382 1
1610 761 1
785 360 1
362 891 1
891 1611 1
1611 380 1
380 1612 1
1612 881 1
881 1613 1
1613 1614 1
1615 289 1
289 338 1
338 1616 1
1616 1617 1
1617 1615 1
1615 288 1
288 1618 1
1618 366 1
366 880 1
880 1609 1
1616 1619 1
1619 1617 1
381 870 1
870 894 1
894 1619 1
1612 381 1
892 893 1
1620 901 1
1613 1621 1
890 787 1
786 1622 1
1622 1622 1
1611 885 1
334 801 1
801 882 1
882 850 1
850 1623 1
1623 1621 1
1621 1614 1
1614 1620 1
1620 886 1
886 871 1
336 337 1
1624 333 1
1618 317 1
318 1625 1
1625 318 1
270 1626 1
1626 1627 1
1627 1628 1
1628 1629 1
1629 1630 1
1631 1632 1
1633 1631 1
1631 1634 1
327 1632 1
1632 1635 1
1635 1636 1
1636 265 1
1637 1634 1
1634 1636 1
1638 329 1
1639 1625 1
1640 368 1
1641 1642 1
369 1643 1
294 897 1
897 818 1
818 900 1
900 1644 1
1644 895 1
895 323 1
1642 1645 1
1645 1646 1
1647 369 1
1648 384 1
384 1649 1
294 1650 1
1651 1643 1
1643 1648 1
1648 1649 1
1649 293 1
293 1650 1
1650 1641 1
1641 1646 1
1646 1647 1
1647 1651 1
1652 330 1
1653 328 1
1655 883 1
1656 1657 1
1657 1658 1
266 267 1
1659 270 1
1635 1660 1
1661 1660 1
1660 1662 1
1663 1663 1
1663 325 1
896 896 1
1149 1149 1
1664 296 1
296 859 1
859 109 1
109 1665 1
1665 1666 1
1666 1667 1
1667 38 1
38 126 1
126 365 1
365 1664 1
1638 1668 1
1668 1669 1
1670 941 1
941 1671 1
1671 911 1
911 939 1
940 1671 1
1672 1673 1
1673 1674 1
1674 1675 1
1675 1676 1
1676 1677 1
1677 906 1
906 1131 1
1136 1130 1
220 1678 1
1678 1679 1
1678 1680 1
1680 1677 1
1672 1681 1
1681 1682 1
1682 1683 1
1683 928 1
928 1684 1
1684 1685 1
1685 1686 1
1686 1687 1
1687 62 1
62 917 1
917 1544 1
1544 1546 1
1546 1549 1
1549 1688 1
1688 1689 1
1673 1690 1
1690 1680 1
1680 1691 1
1131 1692 1
1692 1680 1
1680 1679 1
1679 1693 1
1693 1672 1
1692 1691 1
1691 220 1
1128 1136 1
13 1689 1
15 1694 1
1695 1696 1
1694 1063 1
1063 16 1
1697 12 1
17 1697 1
1689 14 1
29 1698 1
1699 28 1
30 973 1
973 1700 1
1700 1701 1
1701 1702 1
1702 1694 1
1703 1704 1
1704 1688 1
1705 1704 1
1134 45 1
1706 910 1
1707 1708 1
1708 1709 1
1709 957 1
957 837 1
837 1710 1
1710 1711 1
1711 852 1
852 214 1
1708 832 1
832 1707 1
815 1093 1
1712 164 1
854 823 1
821 770 1
770 1713 1
1713 1714 1
93 828 1
1715 1667 1
1666 1715 1
176 460 1
460 1274 1
1274 810 1
810 1716 1
1716 1717 1
1717 1718 1
1719 1720 1
1720 95 1
95 1721 1
1721 1722 1
1723 1724 1
1724 845 1
845 1725 1
1725 1714 1
1714 888 1
888 1715 1
1726 162 1
969 1727 1
1727 1728 1
1729 1730 1
1730 1731 1
1731 982 1
982 948 1
948 1057 1
1057 1032 1
1032 1726 1
1732 1733 1
1733 1734 1
1734 959 1
960 1735 1
1735 1736 1
1736 1737 1
1737 1738 1
1738 1739 1
1739 1740 1
1740 1741 1
1741 1742 1
1742 1743 1
1743 1744 1
1745 974 1
1729 958 1
958 1734 1
1734 1746 1
1746 969 1
969 1745 1
968 1746 1
1746 1733 1
1733 1747 1
1748 1728 1
1728 1748 1
23 25 1
25 984 1
984 953 1
953 1698 1
1749 978 1
1750 977 1
1751 979 1
1752 1753 1
1753 827 1
1754 1755 1
1756 1757 1
1757 1725 1
1758 1758 1
1758 975 1
1759 976 1
974 1732 1
1732 1747 1
1747 1729 1
75 961 1
75 21 1
1737 1760 1
1760 1736 1
1744 1761 1
1007 1762 1
1763 1760 1
1764 1761 1
1761 1010 1
1010 1765 1
1765 1766 1
1766 986 1
986 1767 1
1767 1764 1
985 1768 1
1768 963 1
963 1769 1
1770 1055 1
1007 1771 1
1766 985 1
1767 1744 1
1772 1773 1
1774 1773 1
1773 1738 1
1775 1776 1
1776 1777 1
1777 1778 1
1779 1776 1
1739 1778 1
1778 1774 1
1774 1772 1
1742 1780 1
1780 1779 1
1779 1780 1
194 195 1
1781 734 1
1524 1541 1
1154 1587 1
1587 1782 1
1782 1783 1
1783 1784 1
1784 1785 1
1785 1474 1
1474 1585 1
1585 482 1
482 1216 1
1226 1221 1
139 101 1
454 1786 1
1787 451 1
451 1788 1
1788 1789 1
1789 1790 1
1790 1791 1
1791 1792 1
1793 1794 1
1794 1795 1
1795 107 1
1796 1797 1
1798 1799 1
453 449 1
449 1787 1
1800 1801 1
1801 1802 1
675 1166 1
1803 1804 1
1805 1229 1
1227 1164 1
1164 1163 1
1806 1807 1
1221 1807 1
1808 1809 1
1809 1810 1
1808 1809 1
1811 1587 1
1785 1808 1
1808 1812 1
1812 1811 1
1811 1810 1
1810 1158 1
1812 1782 1
1592 1813 1
1813 1814 1
856 1815 1
1816 856 1
1817 1818 1
1818 1592 1
841 1654 1
1654 819 1
1819 1820 1
1820 511 1
1230 1821 1
1821 66 1
66 509 1
1822 1558 1
1821 67 1
1152 1823 1
1823 225 1
745 745 1
1223 1824 1
1824 1224 1
740 1825 1
1825 1826 1
1827 702 1
1828 1828 1
754 624 1
624 1801 1
1829 1830 1
753 1123 1
1124 753 1
629 1239 1
1831 1832 1
629 1833 1
1833 626 1
1834 1833 1
1835 623 1
1836 1837 1
1837 1832 1
1832 622 1
622 574 1
574 643 1
643 402 1
1838 1839 1
1839 1840 1
1840 1841 1
402 1838 1
1838 1842 1
1842 695 1
695 1843 1
1843 645 1
1844 1845 1
1845 1846 1
1846 402 1
1847 1848 1
1849 1850 1
1850 1851 1
1851 1841 1
1841 1848 1
1840 1852 1
1852 1853 1
1853 1850 1
1850 1854 1
1854 701 1
1855 1852 1
1856 1857 1
1858 755 1
1859 1859 1
1475 1213 1
1860 1484 1
1212 1215 1
1215 1211 1
520 521 1
1861 1862 1
1862 1863 1
1864 1865 1
517 1866 1
1866 1864 1
1864 1867 1
1867 1868 1
515 1869 1
1869 1870 1
1871 1868 1
1868 1870 1
1870 1871 1
1872 1873 1
1874 1214 1
516 1875 1
1875 1865 1
1865 1867 1
1876 1877 1
1878 1862 1
1879 1880 1
463 1877 1
1877 1477 1
1881 1206 1
1206 465 1
1868 1882 1
1882 462 1
1783 1883 1
1883 1873 1
1873 1884 1
1884 1784 1
1866 1879 1
1879 1880 1
1880 1875 1
1875 1869 1
1869 1882 1
1885 1886 1
1886 1887 1
1887 1885 1
1886 1887 1
1888 1889 1
1889 1890 1
1890 1110 1
1891 1892 1
1892 1893 1
1894 1895 1
1895 1896 1
1896 1897 1
1897 1898 1
1898 1899 1
1895 1900 1
1900 1901 1
1901 1902 1
1902 1903 1
1903 1904 1
1904 1905 1
1905 1906 1
1906 1893 1
1893 1907 1
1907 1908 1
1908 1909 1
1909 1910 1
1911 1912 1
1912 1900 1
1903 1913 1
1913 1897 1
1897 1914 1
1914 1915 1
1915 1916 1
1916 1910 1
1917 1918 1
1918 1916 1
1909 1919 1
1919 1920 1
1920 1899 1
1899 1891 1
1891 1904 1
1914 1921 1
1921 1920 1
1922 1917 1
1917 1923 1
1923 1896 1
1896 1924 1
1924 1902 1
1925 1921 1
1921 1898 1
1926 1927 1
1927 1928 1
1928 1929 1
1929 1926 1
593 1930 1
1930 1931 1
1907 1932 1
1932 1933 1
1933 1927 1
1905 1516 1
1934 1933 1
1933 1935 1
1936 1928 1
1937 1918 1
1938 1932 1
1932 1939 1
1899 1892 1
1892 1906 1
1906 1939 1
1939 1934 1
1934 1936 1
1936 1940 1
1940 1907 1
1924 1913 1
1940 1935 1
1935 1929 1
1941 1942 1
1942 1941 1
1889 1942 1
257 258 1
258 256 1
253 1943 1
1943 254 1
1437 379 1
379 1438 1
433 1944 1
1944 429 1
1945 426 1
1946 678 1
678 400 1
1947 1948 1
1948 290 1
290 1949 1
372 628 1
628 1947 1
1947 1950 1
1950 1434 1
1951 1951 1
1948 1950 1
1944 1949 1
1949 722 1
722 721 1
721 1951 1
1952 632 1
1953 1954 1
1955 1956 1
1236 1957 1
1957 596 1
438 439 1
276 1598 1
1598 277 1
1188 1566 1
233 1504 1
494 231 1
1959 229 1
1960 1079 1
1079 1252 1
1252 1253 1
1253 1254 1
1254 1255 1
1255 1960 1
187 1961 1
1961 1962 1
187 1961 1
187 1962 1
1963 742 1
1125 1124 1
1830 1963 1
1964 1122 1
799 1965 1
1965 1966 1
1966 1967 1
1967 1968 1
1968 1969 1
1969 1970 1
800 1971 1
1971 1967 1
800 1972 1
1972 1973 1
1973 1970 1
1970 1974 1
1974 112 1
1965 1975 1
1975 1971 1
1971 1976 1
1976 1977 1
1977 1978 1
1978 1979 1
1979 1980 1
1980 1973 1
1972 1979 1
800 1975 1
1975 1966 1
110 1981 1
1981 1982 1
1982 1983 1
1983 799 1
800 1976 1
1976 1968 1
1972 1977 1
1977 1969 1
1972 1980 1
1972 1978 1
1984 1985 1
1982 1984 1
1984 1985 1
1985 1983 1
861 1987 1
1987 1986 1
863 1988 1
1988 784 1
784 802 1
802 1989 1
1989 1990 1
1988 862 1
1991 806 1
1992 1993 1
1993 1994 1
1994 1995 1
805 1996 1
1997 1992 1
1992 1998 1
1998 1999 1
1999 2000 1
2000 1996 1
1996 394 1
1994 396 1
1998 1993 1
1999 2001 1
2002 2001 1
2001 1995 1
2003 2000 1
865 2004 1
2004 866 1
2005 2004 1
2006 1607 1
1607 1244 1
1606 2007 1
2007 356 1
2008 719 1
356 2006 1
2006 1608 1
1243 1607 1
1607 2007 1
2009 720 1
720 708 1
708 2010 1
705 704 1
704 709 1
709 705 1
711 716 1
1219 711 1
2011 2012 1
2012 2013 1
2013 297 1
297 316 1
316 2014 1
2014 2015 1
2015 2016 1
2016 2011 1
639 1600 1
1600 1602 1
1602 639 1
2010 2011 1
1171 2015 1
2016 2010 1
2014 1171 1
301 312 1
304 309 1
2017 421 1
421 285 1
285 355 1
355 307 1
307 306 1
306 2017 1
2018 2019 1
2019 2018 1
2018 420 1
930 286 1
2021 2022 1
2022 2023 1
2023 2024 1
2024 2021 1
2025 2024 1
2026 2027 1
2027 2028 1
2028 2029 1
2029 2030 1
2030 2031 1
2031 2032 1
2032 2033 1
2033 2034 1
2036 2037 1
2038 2038 1
2039 2040 1
2040 2037 1
2037 2036 1
2036 2040 1
2030 1345 1
1345 2041 1
2027 2042 1
2042 2043 1
2043 2044 1
2044 2031 1
2045 2046 1
2046 2047 1
2047 2048 1
2048 2049 1
2049 2041 1
2041 1346 1
1346 2033 1
2050 2051 1
2051 2052 1
2052 2053 1
2053 2034 1
2051 2042 1
2028 2043 1
2054 2049 1
2052 2044 1
2053 2032 1
353 354 1
411 350 1
350 2056 1
2056 2057 1
2057 2058 1
2058 2055 1
2055 912 1
914 915 1
684 611 1
611 1181 1
1181 1553 1
1553 2058 1
2059 681 1
685 683 1
567 2060 1
2060 300 1
567 2061 1
2062 2063 1
2063 2064 1
2064 2048 1
2048 1120 1
1120 303 1
303 310 1
310 1117 1
2065 2066 1
2066 2067 1
314 299 1
299 566 1
2068 2069 1
2069 2045 1
2045 1119 1
1119 302 1
302 311 1
311 1118 1
2070 2071 1
2071 2064 1
2064 2067 1
2069 2072 1
2072 2063 1
2063 2066 1
313 1180 1
2060 299 1
299 315 1
2073 2074 1
2073 588 1
2075 2074 1
588 606 1
2074 2073 1
2076 2075 1
2075 2076 1
2077 1342 1
2065 1344 1
1344 2029 1
2047 2071 1
2072 2070 1
2070 2046 1
2012 1220 1
607 660 1
2061 610 1
609 2061 1
1220 2013 1
660 2062 1
2062 2076 1
390 391 1
839 393 1
804 772 1
772 2002 1
2002 782 1
1552 2080 1
913 2080 1
2080 679 1
2081 2082 1
2082 2083 1
2083 2084 1
2084 2085 1
2085 2081 1
396 2083 1
2087 2084 1
2088 2085 1
2089 2082 1
2090 2091 1
2091 367 1
2092 2091 1
680 867 1
1576 1247 1
1247 1603 1
1603 413 1
414 1604 1
1604 1246 1
1246 1575 1
1415 2093 1
1406 1409 1
1418 2094 1
1413 2095 1
1922 2096 1
2096 2097 1
2097 2098 1
1443 673 1
673 370 1
620 1442 1
2099 2100 1
2100 592 1
2099 585 1
585 627 1
627 2099 1
592 2100 1
1435 564 1
2101 59 1
60 1147 1
1147 2102 1
2102 1630 1
1630 792 1
792 901 1
901 871 1
871 2103 1
2103 2104 1
2104 2105 1
2105 763 1
2106 2107 1
2107 1148 1
2108 2109 1
2109 2110 1
2110 1076 1
1076 2111 1
2111 2112 1
2112 1132 1
1132 2108 1
938 1670 1
1670 53 1
1369 2113 1
2113 2101 1
2101 2114 1
2114 2115 1
2115 2116 1
2116 2117 1
2117 1364 1
1075 2118 1
2118 1071 1
1071 1072 1
1072 1074 1
2110 1075 1
2111 437 1
437 2112 1
434 2119 1
2119 2120 1
2120 2121 1
2121 437 1
435 1069 1
2122 1070 1
1070 2123 1
2124 2122 1
2122 2123 1
2123 2124 1
2125 2118 1
2125 2125 1
2126 1073 1
2127 2128 1
2128 2129 1
2130 2131 1
2131 2129 1
2129 2132 1
2132 1075 1
16 2133 1
2133 2134 1
1701 2135 1
2135 2136 1
2136 1702 1
2137 1550 1
1700 2135 1
2135 2136 1
2136 1694 1
2138 1544 1
2139 2138 1
1681 2140 1
2141 2142 1
2142 2138 1
1682 2143 1
1683 1685 1
1686 1684 1
1687 2142 1
2144 2140 1
2140 2144 1
2143 2145 1
2145 1696 1
1693 1690 1
1690 1674 1
1674 1675 1
2146 2145 1
2147 1127 1
2148 907 1
2149 1676 1
876 2150 1
2151 1658 1
2152 1658 1
1658 2153 1
2153 2150 1
2150 2152 1
2154 877 1
2155 268 1
2153 876 1
1362 2156 1
1363 2157 1
2158 2159 1
2159 2158 1
2113 2159 1
1369 1368 1
2160 1367 1
2161 2162 1
2162 1367 1
2163 2160 1
2164 2165 1
2166 1365 1
2165 1366 1
2167 2102 1
2168 2169 1
2169 1361 1
2170 2171 1
2172 2115 1
2171 2116 1
2173 2172 1
2174 2114 1
2175 2176 1
2177 2174 1
2176 2117 1
2178 868 1
868 790 1
1629 2107 1
2179 1626 1
2180 1628 1
808 791 1
1377 905 1
905 2181 1
2181 2182 1
2182 2183 1
2183 2184 1
2184 2185 1
2185 2186 1
2186 2187 1
2187 2188 1
2188 2189 1
2189 2190 1
2190 902 1
2191 2187 1
773 2192 1
2192 2192 1
2193 1377 1
2194 1376 1
2195 2184 1
2196 2185 1
2197 1375 1
2198 2181 1
2199 2182 1
2186 2200 1
2200 2200 1
2189 2190 1
2188 2201 1
2201 2201 1
2202 2183 1
903 903 1
1373 873 1
2203 874 1
2204 1374 1
2205 2104 1
2206 2105 1
2207 933 1
933 2208 1
934 935 1
2209 2210 1
2211 2210 1
921 2212 1
2213 2212 1
2212 927 1
2214 2215 1
10 2215 1
2215 151 1
151 923 1
923 2213 1
2213 926 1
926 2216 1
377 571 1
2056 389 1
389 2057 1
1848 2217 1
1859 694 1
1203 1820 1
1820 510 1
510 1153 1
1153 1823 1
1823 74 1
131 855 1
855 1665 1
161 1726 1
1381 1398 1
1538 1521 1
1360 1519 1
1355 2218 1
558 1572 1
1540 1534 1
503 1537 1
1058 1189 1
1536 1535 1
1259 1349 1
1258 1351 1
2219 757 1
757 2219 1
1218 1113 1
2220 2221 1
2221 1845 1
2222 2223 1
2223 2224 1
2225 2226 1
2226 2227 1
2227 2228 1
2228 2229 1
2230 2231 1
2231 2232 1
2232 2233 1
2233 1958 1
1958 2234 1
2234 692 1
692 2235 1
2235 1956 1
1956 1954 1
404 2221 1
2221 2236 1
2237 1495 1
1495 2238 1
2239 2237 1
2237 2240 1
2240 2241 1
2242 2243 1
2243 2222 1
2240 128 1
128 1112 1
1112 2227 1
129 1186 1
1186 2244 1
2244 405 1
405 2220 1
2220 2236 1
2236 1844 1
1844 584 1
584 2223 1
2223 578 1
578 1341 1
1341 1111 1
2234 1237 1
1237 2245 1
2246 2224 1
2247 2238 1
1433 2245 1
2245 2248 1
2226 403 1
403 1846 1
1846 2243 1
2249 2250 1
2250 2251 1
2251 2252 1
696 1498 1
1185 2244 1
2241 1185 1
1185 2253 1
2254 2255 1
2255 2253 1
2256 2257 1
2257 2258 1
2258 2259 1
2259 2260 1
2260 2261 1
2261 595 1
595 2255 1
2260 2262 1
2262 2259 1
2263 2263 1
2263 2264 1
2264 700 1
2250 2252 1
2252 2265 1
2266 2264 1
2264 2229 1
2267 2268 1
2268 2269 1
2269 1343 1
1343 2026 1
2228 699 1
699 2270 1
2271 2270 1
2270 2272 1
2273 2266 1
2266 2274 1
2275 691 1
691 1955 1
1955 1953 1
1953 688 1
2251 2265 1
2276 665 1
665 2269 1
2277 666 1
666 2268 1
738 2272 1
2272 1825 1
2278 2279 1
2279 2276 1
2276 2277 1
2280 2280 1
2274 1854 1
1854 2281 1
2282 2281 1
2283 2284 1
2284 2285 1
2285 2286 1
2286 2287 1
2285 1423 1
1423 1290 1
1290 1294 1
1294 2288 1
252 2289 1
2289 2290 1
2290 2291 1
2291 1329 1
1329 2292 1
2292 1330 1
1102 2293 1
1432 2294 1
2294 640 1
640 642 1
642 1107 1
1107 1102 1
2284 1288 1
1288 1296 1
1296 2295 1
1432 593 1
1101 2293 1
2293 2296 1
2296 1432 1
1930 2098 1
2098 1937 1
1937 2297 1
2297 2298 1
2298 2299 1
2299 2300 1
2300 2301 1
2301 1930 1
2302 2303 1
2303 72 1
72 2298 1
1516 2297 1
2297 1240 1
2287 275 1
275 442 1
2291 154 1
154 117 1
117 2304 1
2286 1292 1
1292 2305 1
2305 2292 1
2097 1931 1
440 1272 1
1272 441 1
70 71 1
2096 1894 1
1894 1923 1
1923 1915 1
1915 1925 1
1925 1919 1
1919 1908 1
2306 2307 1
2307 2308 1
2309 2310 1
2310 1488 1
1488 2311 1
2312 2312 1
2312 1233 1
2313 1231 1
2314 2315 1
2315 1487 1
1487 2316 1
2308 2317 1
2318 1199 1
1199 2302 1
2302 2319 1
2319 1202 1
2316 2304 1
2304 2320 1
2320 2321 1
2321 2322 1
2323 2324 1
2324 280 1
280 261 1
261 2307 1
2317 2325 1
2325 2326 1
2326 2327 1
2327 2328 1
2328 79 1
2329 2330 1
2330 2331 1
2331 2332 1
2329 2322 1
2322 1482 1
1478 2318 1
2318 1480 1
1481 1479 1
2289 166 1
166 2299 1
2257 2294 1
2294 2296 1
2296 2301 1
2300 1100 1
1100 2333 1
2334 2333 1
2333 252 1
2335 1235 1
1235 2258 1
2262 1957 1
1957 2235 1
2336 2337 1
2337 2335 1
2335 2248 1
2338 2339 1
1890 2339 1
2339 1340 1
1912 1901 1
2340 2331 1
1863 1201 1
1201 2319 1
2341 2342 1
2343 1861 1
1861 1883 1
1883 1884 1
1769 2344 1
2344 2345 1
2347 2348 1
971 2349 1
2349 2350 1
2350 2351 1
2351 2352 1
2344 2348 1
2348 2350 1
1762 2347 1
2353 2354 1
971 2354 1
2354 2355 1
2355 2356 1
2356 1278 1
2357 2358 1
1277 2359 1
2359 2360 1
2360 2361 1
1137 1796 1
1796 1798 1
1797 2362 1
2356 33 1
32 2355 1
1039 1049 1
2359 2363 1
2363 36 1
2345 2349 1
2364 1799 1
1799 2362 1
2362 106 1
1082 1508 1
1508 1250 1
1250 1078 1
2365 831 1
2360 2361 1
2367 2368 1
2368 2369 1
2368 2370 1
2370 2352 1
2351 2369 1
1399 206 1
2371 2372 1
1755 1754 1
1754 980 1
980 2373 1
2373 2374 1
2374 2373 1
1712 1707 1
163 1712 1
1698 30 1
690 2375 1
2375 690 1
1007 1056 1
1056 1765 1
1771 2376 1
2376 2377 1
2370 2378 1
2379 2380 1
2379 2381 1
2381 2382 1
2382 2380 1
2381 2378 1
2378 2382 1
2379 2383 1
2383 2384 1
2384 2385 1
2385 2386 1
2386 2387 1
2380 2388 1
2389 2377 1
2393 2394 1
2394 2376 1
2393 2395 1
2395 2396 1
2396 2388 1
2395 2396 1
738 2397 1
423 222 1
208 423 1
1743 2398 1
2398 2399 1
2400 2401 1
2401 2400 1
2399 2401 1
1066 2402 1
2402 2403 1
2397 1827 1
1827 1847 1
1847 2217 1
2217 744 1
744 1857 1
1857 693 1
693 1826 1
1826 2404 1
703 2397 1
2405 1851 1
1002 2406 1
2406 1740 1
2407 1030 1
2409 671 1
2410 670 1
2411 669 1
2412 668 1
2413 1843 1
2414 2415 1
625 635 1
1804 597 1
597 649 1
649 661 1
661 618 1
618 2416 1
2416 599 1
599 1228 1
677 1222 1
662 1099 1
1099 2414 1
2414 2415 1
2415 634 1
634 663 1
1166 598 1
663 2416 1
657 601 1
683 684 1
685 659 1
659 638 1
638 1282 1
2417 1121 1
1640 333 1
1334 1320 1
1330 1404 1
1404 2288 1
1335 2419 1
1427 1299 1
1301 425 1
2288 2420 1
2420 2419 1
2419 2295 1
2295 2421 1
2421 1336 1
1317 1425 1
1425 2421 1
1768 1772 1
2422 1943 1
2423 2422 1
2290 2423 1
1378 548 1
468 551 1
2424 2425 1
2425 2426 1
2426 2427 1
2427 2426 1
2337 1436 1
2231 2233 1
1497 2428 1
2428 2429 1
2429 569 1
2430 2427 1
2429 2430 1
2430 631 1
2425 2431 1
2432 2433 1
1990 2432 1
2432 752 1
2434 2433 1
2433 756 1
1990 2434 1
970 2435 1
2435 2436 1
2436 962 1
2437 1095 1
2438 2439 1
2019 2440 1
419 2440 1
2440 2035 1
2035 2023 1
2022 2438 1
951 1094 1
2437 2442 1
2442 769 1
2444 2443 1
2443 2441 1
1777 1741 1
1187 1400 1
1710 2445 1
2445 843 1
2446 956 1
954 1135 1
2447 2448 1
2449 2450 1
2450 2451 1
724 2452 1
1716 2453 1
2454 2455 1
2455 2447 1
2447 2456 1
2456 2448 1
2459 2460 1
2460 2461 1
2462 2458 1
2458 2463 1
2463 997 1
2464 2449 1
2449 2459 1
2450 2465 1
2465 2466 1
2466 2467 1
2467 2468 1
2468 2469 1
2469 2470 1
2469 2470 1
2471 1029 1
836 842 1
2473 2474 1
2474 2460 1
2467 2475 1
2470 2476 1
2475 2468 1
1028 2472 1
2472 2471 1
2466 2462 1
2477 1050 1
780 1711 1
796 781 1
830 817 1
1113 2478 1
1218 2478 1
2481 1275 1
2461 2481 1
2483 2484 1
2485 1644 1
1669 269 1
326 1661 1
819 2486 1
2486 1645 1
1662 120 1
2486 332 1
2488 2487 1
2489 2406 1
2490 1709 1
2133 2491 1
2491 1065 1
2484 2482 1
825 2492 1
2493 857 1
1839 1842 1
2494 1853 1
2478 664 1
664 1086 1
1086 1087 1
1087 672 1
672 713 1
887 2495 1
961 974 1
250 87 1
2473 2453 1
2453 2497 1
2497 2498 1
2498 2499 1
2499 1794 1
1794 2464 1
2500 2501 1
2501 2502 1
2502 2500 1
2497 1717 1
1717 2502 1
2503 2504 1
2504 1753 1
1753 2492 1
2492 2505 1
2505 1757 1
1757 2506 1
2506 846 1
846 2507 1
2503 2508 1
2508 2507 1
2504 1721 1
1721 1720 1
1720 2501 1
2509 2510 1
2510 2511 1
2511 2512 1
2512 2513 1
2513 2495 1
2495 2509 1
2498 1594 1
1594 2512 1
2513 1724 1
1724 2508 1
2510 1813 1
1813 1818 1
1818 2499 1
2514 2515 1
2515 2516 1
2516 2517 1
2517 2518 1
2518 2519 1
2519 2518 1
2519 2520 1
2520 2521 1
2521 2522 1
2522 1788 1
2523 798 1
798 2524 1
2524 1981 1
1981 2525 1
2525 1987 1
2523 2526 1
2526 1974 1
1974 2527 1
2505 1713 1
1713 2528 1
2529 2528 1
2529 2530 1
2531 125 1
125 39 1
39 2530 1
1133 2532 1
2532 2109 1
2532 1242 1
1133 1542 1
1542 2533 1
1242 2534 1
2534 2535 1
2535 55 1
2533 48 1
2533 1543 1
55 2532 1
55 2533 1
2536 1800 1
1800 1802 1
1802 2537 1
2537 226 1
226 64 1
113 2536 1
74 450 1
74 452 1
450 1590 1
65 130 1
130 113 1
279 262 1
262 2317 1
2317 1269 1
1269 1233 1
2538 89 1
89 1264 1
1264 80 1
274 81 1
81 2538 1
2539 2456 1
459 2540 1
2540 2541 1
2541 2542 1
2542 2543 1
2543 2544 1
2544 2463 1
2463 2545 1
2545 2546 1
2546 2547 1
2547 2548 1
2548 2549 1
2549 2550 1
2550 2551 1
2551 1059 1
1059 2540 1
2542 1054 1
1054 2541 1
2544 1043 1
1043 2545 1
2552 2553 1
2553 2554 1
2554 2552 1
2550 994 1
994 2543 1
2555 2556 1
2556 2557 1
2557 2558 1
2558 2555 1
2557 1000 1
1000 2549 1
2558 1003 1
1003 2546 1
1275 459 1
2553 990 1
990 2547 1
2552 999 1
999 2556 1
2554 991 1
991 2548 1
2315 183 1
183 1231 1
2311 2315 1
2320 1106 1
1106 1105 1
1105 1199 1
2309 2320 1
2559 2310 1
2310 2316 1
2332 2340 1
2560 2329 1
2330 2321 1
1500 2439 1
2232 1499 1
1499 2424 1
2424 2431 1
2431 2428 1
2465 2451 1
2476 2561 1
2561 1795 1
730 2561 1
2562 2563 1
2537 2562 1
2564 2565 1
2566 2567 1
2568 2569 1
2570 2571 1
2572 2573 1
2573 2570 1
2567 2572 1
2572 2568 1
2569 2566 1
2566 2517 1
2517 1790 1
1789 2520 1
2520 2567 1
2567 2568 1
1791 2515 1
2515 2574 1
2569 2565 1
2565 2571 1
2571 2574 1
2574 2564 1
2564 2566 1
2575 2514 1
1550 1689 1
1731 949 1
1471 1459 1
1459 1453 1
1453 496 1
2577 184 1
2578 1276 1
1312 178 1
1311 179 1
2283 1422 1
1422 1420 1
1439 1303 1
1446 1433 1
1433 1298 1
1298 1447 1
1310 1439 1
1511 1960 1
189 1511 1
1405 2579 1
2579 1419 1
1419 2094 1
2094 1417 1
1417 2580 1
2581 1408 1
1408 1409 1
1409 2420 1
2420 1295 1
2580 2093 1
2093 1412 1
1412 1414 1
1414 2095 1
2095 2581 1
2278 2582 1
2582 614 1
2582 2279 1
667 2583 1
2583 2583 1
2404 2584 1
2584 1224 1
1225 2585 1
2585 2404 1
1224 2585 1
2584 1824 1
169 2586 1
2586 1268 1
1265 2587 1
2587 169 1
2586 1267 1
1267 2588 1
2588 2326 1
2326 2589 1
2589 2372 1
2372 2590 1
2590 2327 1
2327 2591 1
2591 1266 1
1266 2587 1
2588 2592 1
2592 2327 1
2590 2328 1
2591 2593 1
2593 1267 1
2326 2592 1
2592 2591 1
1266 2593 1
2593 2588 1
2325 2589 1
181 1084 1
1719 1722 1
1722 2594 1
2594 2595 1
2595 2596 1
2596 2597 1
2597 2598 1
2598 2599 1
2599 1719 1
2598 1718 1
1723 2595 1
2594 1723 1
1718 2599 1
2596 1595 1
1595 2597 1
1817 1814 1
1814 1816 1
1816 1815 1
1815 2600 1
2600 2601 1
2601 2602 1
2602 2603 1
2603 1817 1
1792 2601 1
2600 1792 1
1793 2603 1
2602 1793 1
1281 2604 1
2604 2605 1
2605 2606 1
2606 2607 1
2607 2608 1
2608 2604 1
2607 1280 1
2609 2608 1
2605 2610 1
2610 2609 1
2611 2606 1
2216 2207 1
2207 932 1
932 2208 1
2208 936 1
936 909 1
909 2209 1
2209 1697 1
1989 2525 1
2612 2613 1
2613 1114 1
2614 2613 1
2615 2612 1
1116 2614 1
2614 2615 1
1496 1115 1
942 26 1
26 31 1
2616 2132 1
1819 509 1
509 224 1
2617 1819 1
212 2303 1
2303 2341 1
2341 2342 1
2342 2617 1
1822 1557 1
1557 66 1
2618 1822 1
2563 1097 1
1097 1098 1
1098 633 1
633 2618 1
101 453 1
1786 2619 1
2619 101 1
2619 139 1
2620 1293 1
1293 1403 1
2621 2620 1
145 2305 1
2305 2621 1
1623 1627 1
1593 2511 1
