0
347
-71.71172055 -35.5887402617
-72.4027163506 -35.3637005831
-69.9436702808 -25.7306077564
-69.9436702808 -25.7306077564
-69.8484638639 -25.059477202
-70.0388766977 -26.3979710839
-70.0386764329 -26.3984370693
-70.0395552839 -26.392251609
-73.064835422 -40.2916498692
-72.8043499857 -39.864945377
-70.9833991429 -34.5979272566
-71.6127844771 -34.3477966743
-70.473818127 -25.4130051187
-70.0222496889 -26.3803179925
-70.0194165856 -26.3795888296
-73.0856723004 -40.5769294964
-72.950775208 -41.4469604193
-72.2069276775 -36.8583757585
-72.2069276775 -36.8583757585
-71.4773651352 -31.9372459507
-71.251379066 -32.9529453461
-70.0388766977 -26.3979710839
-70.3869767493 -27.4889219288
-70.1711434012 -27.1174606208
-71.047665658 -29.3669424795
-71.0585306628 -29.3662216022
-69.7994757727 -26.3291061772
-71.8191533585 -36.2787627389
-72.0617740084 -36.6120982449
-70.715944902 -32.7635473045
-70.7164455759 -32.7631491095
-69.8114504886 -26.3361847602
-69.5959989955 -26.2814473634
-70.9450889867 -34.4639539267
-70.9593954049 -34.5583547894
-70.0379576216 -26.4003538809
-70.0750487253 -26.8269067181
-71.2460728297 -33.6875392503
-71.2033115515 -33.6976152795
-71.4133888115 -33.9082265341
-71.5840059334 -34.039342191
-70.1112207529 -27.2542245193
-71.5897489479 -31.2880478927
-71.6110342975 -31.3255998584
-72.4612955172 -38.5413615936
-72.657591055 -37.8231718293
-70.386436207 -27.487597634
-71.6602315786 -35.1649669039
-72.0199378079 -34.9881912236
-70.5082765479 -33.5746390051
-70.5573221445 -33.6080414261
-71.5305052519 -35.5003464909
-71.6282960961 -35.845150581
-70.9244721687 -28.5347206226
-69.9766992985 -28.0438163986
-70.7847785818 -28.6054763171
-70.6450849949 -28.6761843931
-70.3897434007 -27.4809482699
-71.0924813827 -30.2271628532
-71.2292507045 -30.1441103674
-71.1471742601 -31.6244322923
-71.2433728583 -30.8561956588
-71.0101419189 -32.8425099479
-71.074272724 -32.8660972477
-71.5159981116 -33.0332186789
-71.5162879001 -32.9344326135
-70.5082285636 -33.4277881555
-70.5644116329 -33.4095963509
-70.6286241716 -33.3591688306
-70.7440720243 -33.2777547405
-70.8990916413 -33.4417940901
-70.7294587882 -33.4209321676
-70.7307522907 -33.4879946098
-71.2613552647 -35.5372508006
-71.2728826323 -35.4696876898
-70.7208125175 -33.5292384812
-70.7116133225 -33.530679374
-70.689381179 -33.4171836332
-72.3753586917 -37.490094475
-71.2572509162 -28.4673299744
-70.5458028471 -33.5479564528
-70.667516184 -33.4794970934
-71.2525686446 -28.4704376246
-71.2525818536 -28.4707403626
-70.6916669196 -33.7102554036
-70.6117928198 -33.613388767
-70.7065339865 -33.6202192359
-70.6922554555 -33.7111040331
-71.5934869567 -33.3680836277
-71.5422416106 -33.0765697685
-70.7920409361 -33.1595892577
-71.6034829964 -33.6015149162
-70.7262144557 -34.1665002987
-70.8399235079 -34.1841935543
-70.7631194118 -34.2355887575
-70.891044166 -34.472500167
-70.8403726655 -34.1845651126
-70.8334160978 -34.4671308261
-71.1416671792 -34.8685636567
-71.2796731929 -29.9771338864
-71.6399736674 -35.4374904611
-71.5413000695 -35.6146176896
-71.3674326153 -35.1396350165
-70.8083703952 -35.7872181968
-71.378769157 -35.6840939794
-71.6960803588 -35.9628215618
-71.8052362446 -36.133366638
-72.3208141857 -37.0907869384
-72.9905517812 -36.7437468281
-72.9739241029 -36.7186972689
-73.0733229169 -36.8238772452
-73.1315022866 -36.9337511308
-71.47134997 -38.0452081119
-71.5133967146 -37.9992685721
-72.5161015304 -37.1902226484
-72.5507190158 -37.4991970688
-72.3682522268 -37.4810250968
-72.5802802428 -37.6756529995
-72.2174508857 -39.5956718658
-72.6079614716 -38.7743060697
-71.2645201019 -32.9361370473
-71.1873865321 -30.5967193373
-71.4869606457 -30.714403359
-71.5914597964 -30.8733907378
-71.658275219 -31.0777116875
-71.6578260613 -31.0773269976
-71.6404194613 -31.2344808794
-71.6023399986 -31.2883407886
-71.6011438932 -31.3135987789
-71.4776754583 -31.9387430035
-70.9559081401 -30.6909596823
-70.9554589825 -30.6905734362
-71.2438220159 -30.8565812407
-71.81877225 -36.2788154389
-71.4503012009 -31.8830065257
-71.2680435371 -32.7107773698
-71.4835997471 -32.7501877093
-71.4831505895 -32.7498099502
-71.4832965102 -32.7482937004
-71.4832894628 -32.7515412045
-71.4873000294 -32.7880831969
-71.4724050415 -32.9345690277
-71.4855418027 -32.7870742278
-71.3392061827 -32.9463652807
-71.338757025 -32.9459883558
-71.3231015536 -32.9366244596
-70.8595198771 -33.1962646532
-71.0109403199 -32.8428578483
-73.1248695749 -36.7472710533
-73.0337001872 -36.8053093299
-71.0114885552 -32.8428472306
-70.9565823556 -32.8064679727
-70.8942230589 -32.8041809347
-70.6046251573 -32.8101992165
-70.5056865025 -32.8539276889
-70.5061384278 -32.8534803032
-70.4105009354 -32.8656349714
-70.3580660138 -32.9418518337
-70.4079816058 -32.8664931449
-70.4105009354 -32.8656349714
-73.222178696 -37.2091968159
-73.2162971114 -37.2124518041
-73.6491305965 -37.686072186
-70.9541961599 -32.8045809767
-71.0128466255 -32.8438607769
-70.2633388463 -32.9005715538
-70.2557090892 -33.0927816976
-70.5637409706 -33.0942672557
-71.5255100542 -33.0344953167
-71.5590607839 -33.1084615129
-71.4742286582 -32.9331165216
-71.4740239248 -32.9303690357
-70.4075802543 -33.3742818263
-70.1926517347 -33.501244004
-70.2616705541 -33.5306985354
-70.1925190166 -33.5014100565
-70.4197030649 -33.581176077
-70.6920464333 -33.7139475885
-70.5645884959 -33.4098646736
-70.7580130519 -33.3189952992
-70.7574401064 -33.3188140251
-70.729953124 -33.4224556893
-70.8793635447 -33.5062037218
-71.2359347443 -33.6911060067
-71.5849732939 -34.0381144827
-70.7256986048 -33.5264058539
-70.8986424836 -33.4414192915
-70.9097597231 -33.4567022971
-70.7327863714 -33.5152147285
-70.7300117126 -33.5277975644
-70.7111641648 -33.5303049598
-70.6869681356 -33.4183577352
-70.6885703425 -33.417289457
-71.2144405271 -34.7819758347
-70.6393387182 -33.4272966327
-70.7308535302 -33.2676567852
-70.7308524627 -33.2676026901
-70.8259850822 -33.1189320451
-70.8265884991 -33.1187843163
-70.8271384376 -33.1189833127
-70.5453536894 -33.5475821135
-70.5430030463 -33.5480352958
-70.5351858217 -33.6187184396
-70.2193299746 -33.8127964452
-70.214827632 -33.8206461317
-70.2557155003 -33.0932326011
-70.5979086927 -33.5818693577
-70.9528027015 -33.5285691478
-70.5570750745 -33.6299639432
-70.6915959932 -33.7159917085
-70.6136283831 -34.0346308654
-70.7511324335 -33.8244654177
-70.7284269797 -33.8010375038
-70.7421020724 -33.8646284002
-71.5863972926 -34.0404151958
-71.5902478436 -34.0409484792
-71.5406029 -34.311577
-70.7548318415 -33.832345647
-70.753366349 -33.9745881429
-70.6325687459 -34.2517133945
-70.7540389083 -34.1198926455
-70.7020458701 -33.9817554452
-70.7084673435 -34.0610634485
-70.7100623297 -34.0612266583
-70.7114891576 -34.0643320871
-70.71104 -34.06396
-70.5474037887 -34.2366633953
-70.5261547165 -34.2052935803
-70.4522666792 -34.2755581762
-70.5257055589 -34.2049221133
-70.5261547165 -34.2052935803
-70.4736873135 -34.0898451018
-70.6138087859 -34.0338620077
-71.3698510555 -35.6853402114
-70.6777149982 -34.220251407
-70.6743617929 -34.2425145745
-70.9525805933 -34.5577083621
-70.9595556558 -34.4606904607
-70.9703607202 -34.364156774
-70.7147866411 -34.7519092204
-70.7143374834 -34.7515401791
-71.1661694648 -34.8539007965
-71.1419324598 -34.8685560069
-71.5933243125 -35.3666281102
-71.6166847696 -35.439792567
-71.5300560943 -35.4999808254
-70.9410821351 -35.8051125751
-70.835695195 -35.8104223778
-71.2673411085 -35.7091095538
-71.1559130599 -35.7341172797
-71.104468601 -35.7859502567
-71.1554639023 -35.7337526815
-70.9821703252 -35.7908645835
-71.0638943692 -35.8578068658
-71.3979441371 -35.7324308035
-71.3550619097 -35.661455093
-71.3556441822 -35.598156176
-72.4068630554 -35.3603946551
-72.4107645058 -35.3710923295
-73.152078862 -37.0099081927
-72.0810777021 -36.6060766697
-72.0988309032 -36.5962923068
-72.473097438 -36.6597129141
-72.0930411693 -36.6252556657
-72.0674192525 -37.1648793161
-72.8674839322 -36.8469125672
-73.1218306456 -36.7883906127
-73.1217079388 -36.7872845042
-73.1355762271 -36.9883240455
-72.9704034246 -36.8353957733
-73.0020518059 -36.8203540301
-73.1691050809 -36.9673433981
-73.1685813815 -36.9675605587
-73.1711402482 -36.9768783711
-73.1673118785 -37.021477934
-73.1516556559 -37.0065712989
-73.1455908862 -36.9616610639
-73.1361985594 -36.8725331837
-73.1411741462 -36.8674493536
-73.2167423439 -37.211800927
-73.1300237794 -37.0419972981
-72.3164442238 -37.0930229782
-72.3247443837 -37.085435716
-72.071277589 -37.1614420628
-71.6086833375 -37.9098682325
-71.8519712529 -37.4377953324
-71.6264162354 -37.3103219792
-71.4924130083 -37.2933632021
-71.5199021008 -37.9969324489
-71.9567386365 -37.3359615769
-71.8657270376 -37.3603337386
-71.7098204 -37.5403667572
-71.5964566692 -37.5404478846
-72.3226488785 -37.5183536443
-72.2546136989 -37.6815381718
-72.3494021888 -37.2484763637
-72.530612067 -37.2449261885
-72.2933104591 -37.1054882983
-71.4893944925 -37.3645526252
-72.711388875 -37.2895275903
-72.4155448774 -37.8138355616
-72.4674285287 -38.5418527419
-72.471618765 -38.6365352205
-72.5579484374 -38.7081581675
-72.6518888768 -37.5144443176
-72.4841666404 -37.7917109799
-71.816859452 -37.710261844
-72.5416722483 -38.7227282058
-73.1870007236 -39.799903008
-72.9115592755 -39.5500959614
-72.9006995977 -39.5635484139
-73.1890721243 -39.7999211791
-73.1851765638 -39.8008711744
-73.1137034735 -40.5681582345
-73.0823277809 -40.5743338958
-72.649672274 -40.6380952491
-72.9842271292 -40.6136933656
-72.9479660865 -40.6272327445
-72.7038154419 -40.6191320288
-72.9530820941 -41.4524387587
-72.7144979184 -40.6178577518
-72.401399818 -40.6180008868
-72.3999407496 -40.8191914428
-72.4095947453 -40.9093785262
-72.3400681442 -40.8951839075
-72.3382021868 -40.8878451543
-73.088412642 -40.5786454473
-73.7117467669 -42.1434627689
-73.7126285964 -42.1414746399
-73.713077754 -42.1418076851
-73.6142934474 -43.0913296312
-73.8040191854 -42.6240069158
-72.3416577885 -41.5280512093
-73.7955423614 -41.8771592029
-70.3825410332 -34.7346591851
-73.7712334578 -42.4115975853
-72.493707999 -37.5107242332
-71.3120898363 -33.9897436305
-71.6368780538 -33.4274216112
-73.1556055454 -36.9349887421
-70.3578780214 -33.3048672161
-70.3596616977 -33.6026817595
-70.804346514 -32.9556867229
-70.5875061431 -30.7446622086
-71.2641676839 -35.5960523718
-73.0768276005 -41.517726814
-73.1127298517 -36.7754880657

444
1 2 1
3 4 2
4 5 1
4 6 2
6 7 1
6 8 1
9 10 1
11 12 1
6 13 1
6 14 1
14 15 2
16 17 2
18 19 1
20 21 1
6 22 1
23 24 1
25 26 1
6 27 1
28 29 1
30 31 2
6 32 1
27 32 2
32 33 1
27 33 1
34 35 1
36 6 1
37 6 1
38 39 1
40 41 1
37 42 1
43 44 1
42 23 1
6 23 1
45 46 1
23 47 1
48 49 1
50 51 2
52 53 1
33 6 1
54 55 2
56 57 1
23 58 1
59 60 1
61 62 1
63 64 4
65 66 1
67 68 2
69 68 2
69 70 2
71 72 2
73 72 2
74 75 1
76 77 2
78 72 2
23 54 4
79 72 2
54 80 4
81 82 2
81 67 2
54 83 2
83 84 1
85 86 2
87 88 2
89 90 2
91 89 1
89 92 2
39 40 1
93 94 2
93 95 2
54 25 2
96 95 1
97 98 2
11 99 1
25 100 2
101 102 1
103 104 1
105 53 1
53 1 1
106 107 1
18 108 1
109 110 1
111 112 2
100 60 2
113 114 1
115 116 1
117 118 1
100 54 1
119 120 2
121 65 2
60 122 2
123 124 1
123 43 1
125 126 1
125 43 1
43 127 1
43 128 1
43 129 1
43 130 2
122 131 2
131 132 2
122 62 1
133 122 1
133 62 1
133 61 1
61 20 1
28 134 1
20 130 1
130 135 1
130 136 2
136 137 2
137 138 1
137 139 1
137 140 1
140 141 1
140 142 2
143 144 1
144 145 2
144 146 2
136 21 2
21 121 2
136 147 2
144 21 2
121 64 2
64 148 2
149 150 1
140 121 2
64 151 2
63 148 1
63 152 1
63 153 1
153 152 1
153 30 1
152 30 1
31 154 4
155 154 1
155 156 1
155 157 1
157 158 2
158 159 1
157 154 1
157 160 2
159 160 1
161 162 1
162 163 1
54 56 1
164 151 2
148 151 1
148 165 2
160 166 1
167 168 1
168 160 1
168 147 1
160 147 1
21 147 2
144 90 2
90 169 2
90 170 1
169 65 2
169 142 2
107 29 1
171 66 1
66 142 2
142 172 1
173 174 2
173 67 2
174 175 1
174 176 1
175 177 2
67 178 2
68 179 2
70 147 2
147 180 2
180 181 2
180 182 2
147 183 1
147 178 1
183 178 1
183 182 2
183 184 2
38 184 2
185 184 2
182 186 2
182 72 2
71 187 1
71 188 1
73 189 2
190 186 2
190 76 2
76 87 2
77 191 2
77 82 2
78 192 2
78 193 2
194 79 4
194 195 2
194 69 2
72 196 2
197 196 2
198 196 2
198 199 1
198 148 2
198 200 1
201 81 1
201 202 1
177 50 2
81 50 2
51 203 1
177 204 2
205 204 1
158 206 2
86 207 2
88 85 2
178 85 2
73 190 2
178 88 1
178 186 4
188 208 2
209 210 1
178 210 2
211 210 2
38 92 3
212 213 1
214 212 1
40 215 1
12 215 1
41 215 1
41 216 1
185 216 3
185 215 1
12 217 1
81 86 2
178 218 1
212 218 1
219 218 1
219 178 1
105 178 4
220 178 2
219 97 2
97 94 2
221 94 1
214 222 1
223 222 1
223 224 1
223 225 1
226 225 1
93 225 1
93 219 2
220 227 4
220 228 2
229 228 2
230 228 1
230 231 2
228 231 2
220 231 1
220 232 1
228 232 2
232 211 2
233 211 2
234 211 2
235 220 1
235 236 1
235 93 1
34 96 1
237 96 1
34 238 1
34 239 1
237 35 1
34 98 2
240 98 2
11 35 1
11 237 1
11 240 1
241 240 2
240 242 2
99 242 1
99 243 1
103 242 2
103 48 2
48 244 2
101 244 2
101 245 1
246 245 1
246 101 1
103 99 2
246 52 1
103 52 1
103 247 1
104 248 2
104 247 1
103 105 2
108 105 2
105 249 2
250 249 2
251 249 2
250 252 2
251 253 1
251 254 1
234 105 1
234 255 1
234 256 1
257 256 1
258 2 1
259 2 1
53 106 1
107 53 1
107 28 1
260 162 2
261 29 1
261 262 1
263 262 1
261 264 1
29 264 1
108 264 1
18 264 1
29 108 1
265 108 1
246 74 1
108 266 2
266 109 1
150 109 1
149 266 1
267 149 2
267 268 1
267 269 1
267 108 1
266 270 1
271 270 1
111 270 1
111 108 1
271 150 2
266 150 3
112 260 2
272 273 1
272 274 1
275 260 1
276 260 1
276 275 1
276 269 1
277 269 1
277 278 1
279 278 1
267 278 1
108 269 1
31 164 2
280 162 1
108 281 2
108 282 1
108 283 1
108 284 1
285 284 1
285 286 1
287 286 1
108 286 1
108 287 2
288 287 2
108 114 2
289 114 2
108 290 1
291 290 1
291 108 1
291 292 1
293 292 1
285 294 1
108 295 2
108 296 1
296 297 1
108 298 1
108 299 1
108 115 1
300 115 1
108 117 1
301 46 1
45 302 1
45 303 1
304 303 1
305 116 1
306 116 1
295 307 2
295 308 2
295 304 2
308 309 1
308 310 1
309 310 1
311 310 1
304 120 4
119 10 2
10 309 1
312 309 2
313 309 1
314 9 1
314 315 3
314 316 2
315 317 1
309 317 1
309 318 1
319 318 1
320 318 1
317 321 1
322 321 1
323 321 1
324 321 1
324 325 1
324 326 1
317 320 1
315 16 1
327 16 1
320 17 2
328 17 1
328 329 1
330 329 1
331 332 1
320 333 2
294 117 2
328 334 1
100 125 1
241 335 2
208 209 1
274 260 1
213 178 1
336 332 1
160 167 1
117 337 1
328 336 1
100 123 1
296 304 1
40 338 1
91 339 1
277 340 1
140 143 1
214 213 1
212 39 1
341 173 2
177 342 2
1 101 1
147 341 2
112 272 2
198 343 1
131 344 2
9 315 1
74 345 1
82 78 1
346 17 1
118 46 1
149 347 1
