0
912
40.8126219 -73.9568234
40.8126766 -73.9569535
40.8127960 -73.9572378
40.8128425 -73.9573486
40.8131140 -73.9579947
40.7982754 -73.9525303
40.7981856 -73.9525978
40.7980202 -73.9530329
40.8214875 -73.9485312
40.8179231 -73.9497399
40.8171665 -73.9500764
40.8164267 -73.9498877
40.8145637 -73.9505857
40.8141870 -73.9508600
40.8135670 -73.9513220
40.8130295 -73.9517060
40.8129400 -73.9517700
40.8193946 -73.9593697
40.8182287 -73.9565816
40.8081780 -73.9563424
40.8081271 -73.9562168
40.8075916 -73.9549544
40.8069824 -73.9534985
40.8067377 -73.9529247
40.8120399 -73.9551126
40.8120046 -73.9550848
40.8114975 -73.9547074
40.8110093 -73.9542758
40.8000730 -73.9510373
40.8001332 -73.9511752
40.8001662 -73.9512548
40.8006860 -73.9525080
40.8012103 -73.9537473
40.8012531 -73.9538486
40.8013250 -73.9540205
40.8013698 -73.9541264
40.8024899 -73.9567756
40.8026754 -73.9572280
40.7970992 -73.9497360
40.7970683 -73.9497003
40.8041987 -73.9527337
40.8034963 -73.9527154
40.8184840 -73.9552918
40.8187602 -73.9559061
40.8188507 -73.9561236
40.8190919 -73.9566934
40.8217009 -73.9529081
40.8208228 -73.9508143
40.8006650 -73.9464620
40.8020112 -73.9496071
40.8170728 -73.9558163
40.8175149 -73.9568388
40.8176025 -73.9570440
40.8158605 -73.9528655
40.8163558 -73.9540766
40.8189320 -73.9522115
40.8188937 -73.9520740
40.8187314 -73.9516805
40.8183904 -73.9508662
40.8057865 -73.9448050
40.8075878 -73.9490865
40.8076346 -73.9491964
40.8077005 -73.9493541
40.7994661 -73.9553635
40.7993822 -73.9554363
40.7992689 -73.9559555
40.8045644 -73.9516496
40.8039345 -73.9521121
40.8038074 -73.9522043
40.8056136 -73.9581910
40.8062968 -73.9577147
40.8069224 -73.9572588
40.8069799 -73.9572175
40.8075511 -73.9568013
40.8081259 -73.9563827
40.8082382 -73.9562982
40.8088028 -73.9558862
40.8094384 -73.9554225
40.8100609 -73.9549689
40.8019538 -73.9535577
40.8010553 -73.9542177
40.8093981 -73.9572467
40.8094383 -73.9573426
40.8045239 -73.9457212
40.8063304 -73.9500025
40.8063799 -73.9501152
40.8064474 -73.9502712
40.7974838 -73.9488026
40.7977327 -73.9493961
40.7987771 -73.9518401
40.7988147 -73.9519336
40.7988778 -73.9520835
40.7989137 -73.9521655
40.7989754 -73.9523163
40.7990263 -73.9524352
40.7990800 -73.9525679
40.7999569 -73.9546549
40.8000053 -73.9547684
40.7999664 -73.9469712
40.8009070 -73.9491760
40.8012834 -73.9500186
40.8013253 -73.9501101
40.8013830 -73.9502519
40.8014179 -73.9503342
40.8016299 -73.9508342
40.8018212 -73.9513110
40.8023668 -73.9525802
40.8024722 -73.9528420
40.8025138 -73.9529369
40.8135001 -73.9531087
40.8126972 -73.9531404
40.8208168 -73.9546919
40.8207482 -73.9545238
40.8143012 -73.9530769
40.8127270 -73.9493010
40.8131590 -73.9503500
40.8068726 -73.9571424
40.8063751 -73.9559663
40.8063364 -73.9558716
40.8057280 -73.9544117
40.8050309 -73.9527655
40.8001296 -73.9509958
40.8006450 -73.9506026
40.8006933 -73.9505653
40.8007472 -73.9505249
40.8007901 -73.9504932
40.8010634 -73.9503147
40.8172531 -73.9557098
40.8174393 -73.9555907
40.8088533 -73.9540464
40.8157354 -73.9545419
40.8154172 -73.9537893
40.8153575 -73.9536459
40.8150729 -73.9529724
40.8150327 -73.9528784
40.8200718 -73.9549695
40.8125750 -73.9509270
40.8121030 -73.9497570
40.7971895 -73.9582290
40.7972353 -73.9571033
40.7977206 -73.9545722
40.7977116 -73.9544112
40.7976813 -73.9543339
40.7976572 -73.9542809
40.7979126 -73.9537480
40.7978519 -73.9525074
40.7994075 -73.9552200
40.7993569 -73.9551002
40.7983152 -73.9526213
40.7982167 -73.9523905
40.7981802 -73.9523037
40.8105629 -73.9541968
40.8103252 -73.9536230
40.8101047 -73.9531089
40.8094823 -73.9535786
40.8058670 -73.9528064
40.8044592 -73.9533622
40.8050938 -73.9548742
40.8057124 -73.9563350
40.8057496 -73.9564241
40.8062475 -73.9575939
40.8039778 -73.9522195
40.8044957 -73.9514846
40.8044534 -73.9513845
40.8041206 -73.9505964
40.8033718 -73.9488235
40.8046091 -73.9517562
40.8027859 -73.9526189
40.8028555 -73.9526870
40.8045323 -73.9527475
40.7990824 -73.9524129
40.7997716 -73.9524538
40.7998430 -73.9524580
40.7999324 -73.9524634
40.8015270 -73.9525550
40.7990250 -73.9552770
40.7993258 -73.9552934
40.7982153 -73.9538143
40.7986716 -73.9547197
40.7971010 -73.9490776
40.7970959 -73.9496779
40.7978056 -73.9542943
40.8012375 -73.9576916
40.8018566 -73.9572369
40.8149983 -73.9564464
40.8155153 -73.9559497
40.7995165 -73.9554783
40.7996973 -73.9559082
40.8004358 -73.9576591
40.8044178 -73.9553696
40.8050312 -73.9568268
40.7987839 -73.9554756
40.7987825 -73.9551893
40.7981301 -73.9574403
40.7972497 -73.9570339
40.7982616 -73.9572993
40.7989969 -73.9564127
40.7985185 -73.9566890
40.7985550 -73.9569281
40.7976144 -73.9541837
40.7984362 -73.9539101
40.7990932 -73.9550582
40.7965656 -73.9584268
40.7982215 -73.9526807
40.7969070 -73.9563446
40.7971584 -73.9560612
40.7994805 -73.9585937
40.7999771 -73.9576140
40.8000091 -73.9572220
40.7978356 -73.9560042
40.7982619 -73.9561811
40.8067090 -73.9528570
40.8063522 -73.9539573
40.8069606 -73.9554160
40.8070013 -73.9555130
40.8074990 -73.9566770
40.8101664 -73.9567777
40.8101340 -73.9571337
40.8100139 -73.9554076
40.8100549 -73.9551512
40.8091803 -73.9562811
40.8091091 -73.9560314
40.8082329 -73.9564859
40.8083431 -73.9567341
40.8083520 -73.9572908
40.8083849 -73.9574608
40.8097462 -73.9567091
40.8099051 -73.9568921
40.8101814 -73.9556678
40.8102635 -73.9556055
40.8100438 -73.9570175
40.8100308 -73.9570603
40.8100258 -73.9568628
40.8100517 -73.9569324
40.8086061 -73.9573996
40.8099123 -73.9567535
40.8099157 -73.9567749
40.8086750 -73.9574799
40.8104359 -73.9569947
40.8099540 -73.9568817
40.7982508 -73.9522152
40.7981010 -73.9524026
40.7971189 -73.9512607
40.7971482 -73.9512516
40.7971707 -73.9512463
40.7973145 -73.9511820
40.7975115 -73.9510006
40.8140243 -73.9557888
40.8141405 -73.9556965
40.8144827 -73.9554444
40.8151098 -73.9550004
40.8155777 -73.9546577
40.8167549 -73.9537851
40.8175891 -73.9531759
40.8162852 -73.9577302
40.8168973 -73.9572758
40.8201617 -73.9551864
40.8169788 -73.9574823
40.8189300 -73.9504016
40.8190609 -73.9503066
40.8192614 -73.9501619
40.8063953 -73.9558291
40.8069120 -73.9554509
40.8082223 -73.9544988
40.8120517 -73.9535460
40.8113669 -73.9540099
40.8050718 -73.9569220
40.8117315 -73.9548259
40.8121618 -73.9552172
40.8122310 -73.9552747
40.8157991 -73.9566255
40.8102667 -73.9529549
40.8107673 -73.9525905
40.8114420 -73.9521010
40.8120151 -73.9515008
40.8125153 -73.9509880
40.8020733 -73.9497548
40.8083967 -73.9529558
40.8082350 -73.9525797
40.8031843 -73.9524444
40.8035157 -73.9522055
40.8018838 -73.9533927
40.8019955 -73.9533119
40.8178499 -73.9494331
40.8178764 -73.9495122
40.8208827 -73.9494500
40.8208774 -73.9494913
40.8209252 -73.9494570
40.8210100 -73.9493373
40.8209876 -73.9494121
40.8206188 -73.9493905
40.8206027 -73.9493513
40.8206849 -73.9495511
40.8206792 -73.9495373
40.8207316 -73.9496643
40.8207372 -73.9496780
40.8207687 -73.9495694
40.8207449 -73.9495866
40.8209788 -73.9492638
40.8209860 -73.9492828
40.8208478 -73.9495126
40.8207781 -73.9507033
40.8205348 -73.9501116
40.8202975 -73.9495350
40.8206593 -73.9496483
40.8207099 -73.9496117
40.8208271 -73.9498963
40.8200439 -73.9490428
40.8200775 -73.9491230
40.8201801 -73.9493678
40.8201953 -73.9490368
40.8200511 -73.9494667
40.8200911 -73.9495563
40.8181613 -73.9563618
40.7994476 -73.9514840
40.7994083 -73.9513849
40.7987788 -73.9498363
40.7987536 -73.9497731
40.8024730 -73.9586898
40.8007398 -73.9545915
40.8006945 -73.9544815
40.8006271 -73.9543138
40.8005815 -73.9542058
40.7998999 -73.9525950
40.7997894 -73.9523263
40.7995402 -73.9517142
40.7995025 -73.9516214
40.8115453 -73.9465498
40.7981258 -73.9524598
40.8027986 -73.9515106
40.8031376 -73.9523291
40.8014410 -73.9502101
40.8013309 -73.9502909
40.8008154 -73.9506735
40.8007573 -73.9507166
40.8007082 -73.9507527
40.8001891 -73.9511341
40.8000808 -73.9512117
40.7997859 -73.9514175
40.8106334 -73.9582686
40.8112717 -73.9578050
40.8118527 -73.9573827
40.8119433 -73.9573168
40.8122535 -73.9570913
40.8126662 -73.9567913
40.8129089 -73.9566148
40.8132537 -73.9563642
40.8133809 -73.9562717
40.8000268 -73.9575761
40.8002393 -73.9577552
40.8136722 -73.9535288
40.8141474 -73.9546520
40.8118936 -73.9574778
40.8118120 -73.9572896
40.8109068 -73.9567919
40.8111998 -73.9566373
40.8115119 -73.9563931
40.8117375 -73.9557730
40.8118602 -73.9551400
40.8110795 -73.9550214
40.8113648 -73.9551218
40.8117112 -73.9562025
40.8115164 -73.9561256
40.8112733 -73.9560297
40.8110458 -73.9550450
40.8109817 -73.9553386
40.8109006 -73.9551465
40.8114032 -73.9547951
40.8167473 -73.9494783
40.8169437 -73.9496231
40.8157597 -73.9495060
40.8152136 -73.9497752
40.8144508 -73.9502672
40.8144076 -73.9503052
40.8155808 -73.9490203
40.8155075 -73.9487652
40.8020491 -73.9498692
40.8020301 -73.9494934
40.8021517 -73.9497968
40.8019276 -73.9495703
40.8127769 -73.9507276
40.8137724 -73.9498821
40.8142042 -73.9495495
40.8128726 -73.9518195
40.8123183 -73.9522263
40.8170046 -73.9519247
40.8167528 -73.9513534
40.8166376 -73.9512203
40.8165596 -73.9513914
40.8160033 -73.9518523
40.8159956 -73.9511345
40.8166679 -73.9511706
40.8166806 -73.9509653
40.8167965 -73.9510255
40.8172768 -73.9509924
40.8164803 -73.9516609
40.8164019 -73.9516178
40.8183502 -73.9507717
40.8175270 -73.9510088
40.8163871 -73.9515860
40.8165007 -73.9511553
40.8145385 -73.9496927
40.8145154 -73.9498827
40.8129327 -73.9513907
40.8129540 -73.9515069
40.8144588 -73.9497375
40.8143801 -73.9497732
40.8198646 -73.9471149
40.8173272 -73.9482890
40.8017902 -73.9610669
40.8085613 -73.9576706
40.8087490 -73.9575727
40.8093447 -73.9572755
40.8094516 -73.9572178
40.8140151 -73.9568234
40.8038654 -73.9519490
40.8036804 -73.9522965
40.8032512 -73.9526098
40.8047927 -73.9512678
40.8051229 -73.9510248
40.8049429 -73.9513729
40.8009307 -73.9540849
40.8060422 -73.9503622
40.8074302 -73.9495525
40.8071310 -73.9497712
40.8070737 -73.9498145
40.8061587 -73.9504852
40.8058126 -73.9507369
40.8051902 -73.9511894
40.8072992 -73.9494429
40.8057424 -73.9505764
40.8058923 -73.9504693
40.8070174 -73.9498565
40.8063272 -73.9503603
40.8066607 -73.9499106
40.8069511 -73.9497007
40.8070097 -73.9496571
40.8070626 -73.9496168
40.8028342 -73.9527034
40.8083293 -73.9488993
40.8013789 -73.9500629
40.8016902 -73.9498324
40.7994447 -73.9516642
40.7989299 -73.9520450
40.7985496 -73.9521456
40.7987551 -73.9519816
40.7995580 -73.9515814
40.8012723 -73.9501511
40.8023755 -73.9495364
40.7982928 -73.9523318
40.7988694 -73.9518948
40.7993864 -73.9515275
40.7995039 -73.9514441
40.7998953 -73.9511661
40.7999742 -73.9511089
40.8000282 -73.9510698
40.8027375 -73.9492747
40.7988185 -73.9521274
40.7983483 -73.9524762
40.8116565 -73.9546926
40.8127637 -73.9557376
40.8151611 -73.9578259
40.8070133 -73.9528740
40.8072406 -73.9528867
40.8075507 -73.9529047
40.8077747 -73.9529263
40.7988401 -73.9568006
40.7989452 -73.9567736
40.7989560 -73.9567346
40.7989384 -73.9565740
40.7975626 -73.9564275
40.7979664 -73.9555844
40.7979783 -73.9555686
40.7974609 -73.9553699
40.7974762 -73.9553381
40.7983399 -73.9560729
40.7983508 -73.9561012
40.7989088 -73.9560709
40.7989017 -73.9560484
40.7976191 -73.9555905
40.7976557 -73.9555507
40.7971058 -73.9512652
40.7974410 -73.9553860
40.7987821 -73.9551457
40.7976337 -73.9542151
40.7982988 -73.9557637
40.7983204 -73.9557149
40.7985445 -73.9554759
40.7985749 -73.9554756
40.7970157 -73.9511486
40.7969124 -73.9511678
40.7975633 -73.9556440
40.7975978 -73.9556100
40.7984776 -73.9565426
40.7984337 -73.9555467
40.7989531 -73.9565455
40.7989871 -73.9564005
40.7991153 -73.9561238
40.7990791 -73.9560699
40.7986849 -73.9554801
40.7987138 -73.9554801
40.7974021 -73.9553913
40.7987215 -73.9559384
40.7987004 -73.9566123
40.7986674 -73.9565162
40.7990753 -73.9561452
40.7992873 -73.9563142
40.7982633 -73.9560849
40.7986709 -73.9564224
40.7977768 -73.9546060
40.7971037 -73.9513332
40.7970628 -73.9509997
40.7978797 -73.9555884
40.7970803 -73.9509694
40.7965437 -73.9566292
40.7977183 -73.9553463
40.7979125 -73.9545940
40.7978705 -73.9555554
40.7958468 -73.9557603
40.7988826 -73.9551156
40.7989814 -73.9553048
40.7992920 -73.9562407
40.8106928 -73.9545043
40.8108033 -73.9544251
40.8109338 -73.9543303
40.8190089 -73.9521547
40.8195669 -73.9517315
40.8108430 -73.9506800
40.8114780 -73.9502160
40.8101762 -73.9511777
40.8104687 -73.9518797
40.8108211 -73.9527208
40.8184423 -73.9507985
40.8172259 -73.9522674
40.8175255 -73.9520498
40.8179969 -73.9516191
40.8155460 -73.9569253
40.8161849 -73.9574840
40.8214403 -73.9542456
40.8216938 -73.9567474
40.8201412 -73.9531008
40.8090058 -73.9484034
40.8100675 -73.9530244
40.8096546 -73.9520405
40.8094996 -73.9516742
40.8083770 -73.9490142
40.8082147 -73.9486241
40.8133325 -73.9488593
40.8171850 -73.9521950
40.8169354 -73.9520894
40.8084819 -73.9524108
40.8088651 -73.9521304
40.8071249 -73.9499410
40.8069622 -73.9495428
40.8076082 -73.9530399
40.8073581 -73.9532242
40.8105486 -73.9499837
40.8053359 -73.9546981
40.8119103 -73.9532105
40.8125126 -73.9542893
40.8026757 -73.9515995
40.8035590 -73.9512464
40.8032757 -73.9514490
40.7988445 -73.9497088
40.7997818 -73.9558486
40.8008570 -73.9567838
40.8189771 -73.9513542
40.8190982 -73.9507966
40.8188908 -73.9515595
40.8187953 -73.9516352
40.8188982 -73.9515764
40.8191540 -73.9505397
40.8191059 -73.9504184
40.8194304 -73.9500376
40.8174963 -73.9519802
40.8179588 -73.9515350
40.8037326 -73.9577756
40.8031162 -73.9563200
40.8043600 -73.9573132
40.8044150 -73.9572723
40.8049423 -73.9568935
40.7971900 -73.9546093
40.7989186 -73.9550868
40.7999365 -73.9570178
40.7989744 -73.9550499
40.7994235 -73.9555407
40.7993655 -73.9556328
40.7992731 -73.9551646
40.7987768 -73.9584717
40.7993918 -73.9562745
40.7981629 -73.9574166
40.7981041 -73.9574654
40.7972591 -73.9569830
40.8106376 -73.9545457
40.8091104 -73.9538447
40.8101155 -73.9551008
40.8058598 -73.9508518
40.8056959 -73.9504691
40.7978055 -73.9493447
40.7977944 -73.9493524
40.7994017 -73.9475575
40.8000308 -73.9490334
40.8002214 -73.9494806
40.8003161 -73.9497043
40.8003688 -73.9498259
40.7988171 -73.9479827
40.7993252 -73.9491708
40.7994472 -73.9494552
40.7996354 -73.9498951
40.7997336 -73.9501432
40.7997798 -73.9502514
40.7997989 -73.9502969
40.7989032 -73.9498479
40.7990902 -73.9502909
40.7991927 -73.9505406
40.7999378 -73.9493691
40.7997080 -73.9495283
40.8011508 -73.9500929
40.8007736 -73.9503586
40.8007424 -73.9503805
40.8006960 -73.9504135
40.8005956 -73.9504851
40.8003810 -73.9506380
40.8000713 -73.9508605
40.7999759 -73.9509290
40.7999531 -73.9509454
40.7999182 -73.9509705
40.7998891 -73.9509911
40.7994959 -73.9512702
40.8103033 -73.9474627
40.8131043 -73.9541066
40.8135587 -73.9551936
40.8086676 -73.9565453
40.8100275 -73.9564513
40.8100047 -73.9563489
40.8100695 -73.9565552
40.8029486 -73.9497814
40.8038194 -73.9518409
40.8079206 -73.9555538
40.8079302 -73.9555467
40.8012323 -73.9500557
40.8099196 -73.9572557
40.8099145 -73.9572801
40.8099122 -73.9572907
40.8097345 -73.9572475
40.8097361 -73.9572697
40.8099109 -73.9572969
40.8099104 -73.9572992
40.8097334 -73.9572313
40.8094270 -73.9571572
40.8094066 -73.9571049
40.8094806 -73.9572895
40.8100128 -73.9585568
40.8094915 -73.9573177
40.8054629 -73.9581215
40.8049834 -73.9569887
40.8044523 -73.9573654
40.8049002 -73.9567963
40.8043864 -73.9555552
40.8038554 -73.9559290
40.8043778 -73.9571742
40.8051752 -73.9568492
40.8061979 -73.9576289
40.8057045 -73.9564567
40.8058082 -73.9563818
40.8063043 -73.9575558
40.8062876 -73.9575673
40.8068212 -73.9571779
40.8063292 -73.9560020
40.8062118 -73.9576196
40.8082041 -73.9562061
40.8081932 -73.9561755
40.8082193 -73.9546164
40.8099174 -73.9586733
40.8093792 -73.9573714
40.8093685 -73.9573449
40.8094754 -73.9573246
40.8101136 -73.9573809
40.8102226 -73.9575140
40.8116416 -73.9567095
40.8116808 -73.9568053
40.8117994 -73.9570947
40.8118508 -73.9572201
40.8114588 -73.9547903
40.8114700 -73.9547599
40.8110090 -73.9543987
40.8120105 -73.9558791
40.8119445 -73.9562006
40.8118077 -73.9550943
40.8101864 -73.9575401
40.8099050 -73.9574698
40.8099025 -73.9574801
40.8101704 -73.9575515
40.8101694 -73.9575522
40.8100836 -73.9574285
40.8101756 -73.9575477
40.8099534 -73.9567401
40.8100731 -73.9565831
40.8099273 -73.9568137
40.8099358 -73.9568338
40.8100319 -73.9566681
40.8100179 -73.9566846
40.8099862 -73.9567164
40.8099680 -73.9567305
40.8099484 -73.9568647
40.8100585 -73.9566271
40.8100456 -73.9566475
40.8100666 -73.9566118
40.8099202 -73.9567919
40.8100008 -73.9567036
40.8100544 -73.9569490
40.8093937 -73.9573642
40.8093230 -73.9572123
40.8093052 -73.9571569
40.8133324 -73.9564249
40.8131628 -73.9562910
40.8112559 -73.9576557
40.8112680 -73.9576404
40.8115714 -73.9574216
40.8117982 -73.9572581
40.8118899 -73.9571922
40.8121814 -73.9569778
40.8126116 -73.9566614
40.8131414 -73.9562724
40.8154246 -73.9582487
40.8145736 -73.9574996
40.8140417 -73.9570314
40.8137287 -73.9567559
40.8133684 -73.9564500
40.8114116 -73.9547490
40.8119728 -73.9552376
40.8121296 -73.9553737
40.8124262 -73.9556276
40.8128008 -73.9559522
40.8087735 -73.9576871
40.7980898 -73.9523767
40.7969947 -73.9497599
40.8127493 -73.9560074
40.8093520 -73.9571329
40.8057882 -73.9582874
40.8081891 -73.9565166
40.8125782 -73.9561961
40.8087205 -73.9575146
40.8087005 -73.9574671
40.8005222 -73.9576063
40.8080010 -73.9578371
40.8085360 -73.9575503
40.8103066 -73.9560930
40.8088449 -73.9563395
40.8104365 -73.9560100
40.8101843 -73.9550437
40.8111070 -73.9572622
40.8126276 -73.9569887
40.8126171 -73.9569963
40.8119971 -73.9574416
40.8119408 -73.9574820
40.8119063 -73.9575074
40.8119846 -73.9574119
40.8129672 -73.9567471
40.8127247 -73.9569194
40.8119029 -73.9572237
40.8124198 -73.9557180
40.8119784 -73.9566582
40.7971913 -73.9491660
40.7971603 -73.9496253
40.8182343 -73.9527209
40.8127852 -73.9573883
40.8128234 -73.9574773
40.8127458 -73.9578124
40.8127417 -73.9575500
40.8041334 -73.9536022
40.8026544 -73.9499885
40.7988707 -73.9497708
40.7987809 -73.9495608
40.7999354 -73.9471694
40.8018398 -73.9532904
40.8007902 -73.9507950
40.8037455 -73.9558634
40.8019523 -73.9499405
40.8022408 -73.9497312
40.8021152 -73.9494321
40.8018319 -73.9496391
40.8127376 -73.9544838
40.8136560 -73.9568969
40.8131138 -73.9568041
40.8134132 -73.9570012
40.8130924 -73.9568819
40.8130113 -73.9568470
40.8136177 -73.9575316
40.8132423 -73.9573980
40.8138247 -73.9574511
40.8137527 -73.9574784
40.8137777 -73.9575665
40.8135739 -73.9570773
40.8139495 -73.9576065
40.8137830 -73.9577250
40.8111139 -73.9545536
40.8109159 -73.9546917
40.8120457 -73.9557821
40.8118731 -73.9557177
40.8122940 -73.9562609
40.8156746 -73.9536137
40.8157507 -73.9537920
40.8171514 -73.9554335
40.8174310 -73.9552666
40.8033402 -73.9528166
40.8018675 -73.9519768
40.8016421 -73.9514377
40.8134467 -73.9592020
40.8126984 -73.9574484
40.8122983 -73.9541041
40.8005337 -73.9498857
40.8001361 -73.9500507
40.7997113 -73.9503849
40.8095627 -73.9521051
40.8095353 -73.9520354
40.8085950 -73.9526789
40.8205183 -73.9530850
40.8181374 -73.9602771
40.8193913 -73.9554594
40.8092377 -73.9530050
40.8180038 -73.9495799
40.7996018 -73.9554211
40.7983869 -73.9525710
40.7984966 -73.9528278
40.7994400 -73.9550371
40.8003932 -73.9578183
40.7994871 -73.9551489
40.7995508 -73.9553056
40.7988316 -73.9518010
40.7989636 -73.9521284
40.7988542 -73.9522096
40.7987134 -73.9518857
40.7994833 -73.9517554
40.7993453 -73.9514290
40.7989331 -73.9523929
40.7990209 -73.9522733
40.7991469 -73.9525607
40.7990138 -73.9525803
40.7994644 -73.9513456
40.7986970 -73.9498946
40.7995959 -73.9516750
40.7989538 -73.9524409
40.7998305 -73.9525918
40.7997180 -73.9523220
40.7998768 -73.9523331
40.7975927 -73.9488762
40.8084187 -73.9449268
40.8019849 -73.9595770
40.8107632 -73.9528316
40.8107417 -73.9527806
40.8064358 -73.9559193
40.8069561 -73.9555483
40.8074568 -73.9567116
40.8069267 -73.9570992
40.8121387 -73.9509097
40.8120061 -73.9507233
40.8085806 -73.9577416
40.8085469 -73.9575999
40.8082963 -73.9564350
40.8082795 -73.9563971
40.8081693 -73.9564761
40.8080861 -73.9562956
40.8080707 -73.9562598
40.8080968 -73.9562435
40.8081688 -73.9561935
40.8033006 -73.9527251
40.8050788 -73.9509162
40.8068995 -73.9495884
40.8001181 -73.9500074
40.8002231 -73.9512129
40.8001116 -73.9512950
40.8007351 -73.9497780
40.8005780 -73.9498855
40.8007412 -73.9508311
40.8005265 -73.9497611
40.8008507 -73.9507504
40.7999015 -73.9507074
40.8013421 -73.9499759
40.8001040 -73.9470436
40.8013648 -73.9503716
40.8192209 -73.9500798
40.8194002 -73.9499415
40.8184793 -73.9508851
40.8189574 -73.9520314
40.8179565 -73.9498207
40.8185747 -73.9491630
40.8212139 -73.9488526
40.8205864 -73.9493124
40.8192965 -73.9502771
40.8194849 -73.9501374
40.8039919 -73.9483547
40.8052402 -73.9513028
40.8064947 -73.9503844
40.8046267 -73.9513890
40.8203012 -73.9492872
40.7998693 -73.9550751
40.7996476 -73.9550310
40.8000746 -73.9549265
40.8001222 -73.9550395
40.8021620 -73.9531914
40.8025826 -73.9531010
40.8026277 -73.9532105
40.8026500 -73.9528376
40.8070160 -73.9495036
40.8071861 -73.9498953
40.8070663 -73.9499822
40.8020002 -73.9536671
40.8089646 -73.9485935
40.8077505 -73.9494740
40.8022881 -73.9533135
40.7958578 -73.9556952
1282
1 2 1
2 3 1
3 4 1
4 5 1
6 7 1
7 8 1
9 10 1
10 11 1
11 12 1
12 13 1
13 14 1
14 15 1
15 16 1
16 17 1
18 19 1
20 21 1
21 22 1
22 23 1
23 24 1
25 26 1
26 27 1
27 28 1
29 30 1
30 31 1
31 32 1
32 33 1
33 34 1
34 35 1
35 36 1
36 37 1
37 38 1
39 40 1
41 42 1
43 44 1
44 45 1
45 46 1
47 48 1
49 50 1
51 52 1
52 53 1
54 55 1
56 57 1
57 58 1
58 59 1
60 61 1
61 62 1
62 63 1
64 65 1
65 66 1
67 68 1
68 69 1
70 71 1
71 72 1
72 73 1
73 74 1
74 75 1
75 20 1
20 76 1
76 77 1
77 78 1
78 79 1
80 35 1
35 81 1
82 83 1
84 85 1
85 86 1
86 87 1
88 89 1
89 90 1
90 91 1
91 92 1
92 93 1
93 94 1
94 95 1
95 96 1
96 97 1
97 98 1
99 100 1
100 101 1
101 102 1
102 103 1
103 104 1
104 105 1
105 106 1
106 107 1
107 108 1
108 109 1
110 111 1
112 113 1
15 114 1
115 116 1
72 117 1
117 118 1
118 119 1
119 120 1
120 121 1
29 122 1
122 123 1
123 124 1
124 125 1
125 126 1
126 127 1
51 128 1
128 129 1
113 47 1
78 130 1
131 132 1
132 133 1
133 134 1
134 135 1
135 14 1
56 136 1
137 138 1
139 140 1
141 142 1
142 143 1
143 144 1
145 146 1
147 148 1
148 149 1
149 6 1
6 150 1
150 151 1
151 39 1
152 153 1
153 154 1
154 155 1
121 156 1
41 157 1
157 158 1
158 159 1
159 160 1
160 161 1
161 71 1
68 162 1
162 41 1
163 164 1
164 165 1
165 166 1
121 167 1
167 67 1
107 168 1
168 169 1
41 170 1
95 171 1
171 172 1
172 173 1
173 174 1
174 32 1
32 175 1
175 107 1
176 177 1
177 147 1
178 179 1
180 181 1
181 39 1
182 178 1
183 184 1
185 186 1
64 187 1
187 188 1
188 189 1
190 191 1
192 193 1
176 66 1
66 194 1
194 195 1
196 197 1
198 199 1
199 196 1
200 145 1
145 178 1
178 201 1
201 202 1
203 140 1
201 204 1
205 206 1
207 208 1
208 209 1
210 211 1
24 212 1
156 213 1
213 214 1
214 215 1
215 216 1
216 74 1
28 153 1
217 218 1
219 220 1
221 222 1
223 224 1
224 225 1
225 226 1
227 228 1
229 230 1
231 232 1
233 234 1
226 235 1
236 237 1
235 238 1
239 217 1
217 233 1
233 240 1
240 228 1
228 225 1
241 151 1
151 242 1
243 244 1
244 245 1
245 246 1
246 247 1
248 249 1
249 250 1
250 251 1
251 252 1
252 131 1
131 55 1
55 253 1
253 254 1
255 256 1
256 52 1
257 45 1
45 19 1
19 53 1
53 258 1
259 260 1
260 261 1
191 159 1
159 119 1
119 262 1
262 263 1
263 214 1
214 22 1
22 264 1
264 130 1
111 265 1
265 266 1
191 267 1
267 70 1
268 26 1
26 25 1
25 269 1
269 270 1
251 114 1
271 186 1
186 251 1
257 136 1
272 273 1
273 274 1
274 275 1
275 276 1
276 137 1
277 50 1
130 278 1
278 279 1
280 281 1
34 282 1
282 283 1
284 285 1
286 287 1
287 288 1
288 286 1
289 290 1
290 289 1
291 292 1
293 294 1
295 296 1
294 291 1
290 288 1
297 298 1
299 300 1
300 289 1
287 301 1
301 297 1
48 302 1
302 303 1
303 304 1
305 306 1
306 293 1
298 306 1
306 295 1
296 307 1
303 307 1
301 300 1
300 301 1
308 309 1
309 310 1
311 309 1
309 312 1
312 313 1
19 314 1
315 316 1
316 317 1
317 318 1
319 184 1
184 320 1
320 321 1
322 323 1
323 324 1
324 173 1
321 322 1
173 325 1
325 326 1
326 327 1
327 315 1
328 115 1
8 329 1
329 150 1
8 178 1
277 330 1
330 331 1
331 280 1
277 332 1
332 103 1
103 333 1
333 334 1
334 335 1
335 336 1
336 337 1
337 30 1
30 338 1
338 339 1
340 341 1
341 342 1
342 343 1
343 344 1
344 1 1
1 345 1
345 346 1
346 347 1
347 348 1
349 350 1
114 110 1
110 351 1
351 352 1
352 250 1
353 342 1
342 354 1
355 356 1
356 357 1
358 359 1
360 361 1
362 363 1
363 364 1
365 366 1
367 365 1
365 360 1
360 368 1
369 370 1
370 284 1
12 370 1
369 371 1
371 372 1
372 373 1
373 374 1
374 13 1
371 375 1
375 376 1
381 116 1
116 382 1
382 383 1
383 376 1
17 384 1
384 385 1
110 17 1
17 137 1
386 387 1
388 387 1
387 389 1
390 391 1
392 393 1
393 394 1
395 386 1
386 396 1
396 397 1
398 399 1
397 400 1
401 391 1
391 390 1
390 400 1
400 389 1
389 388 1
388 401 1
389 401 1
402 403 1
403 373 1
374 404 1
404 405 1
405 16 1
406 407 1
407 383 1
408 409 1
409 375 1
375 402 1
402 406 1
410 411 1
411 412 1
412 413 1
413 82 1
82 414 1
414 340 1
348 415 1
281 416 1
417 418 1
419 420 1
421 67 1
422 34 1
423 86 1
424 425 1
425 426 1
427 428 1
428 429 1
429 421 1
430 62 1
420 431 1
431 432 1
426 433 1
433 87 1
87 434 1
435 436 1
436 437 1
437 438 1
438 430 1
439 169 1
169 280 1
440 63 1
98 322 1
322 422 1
102 441 1
441 442 1
327 443 1
443 444 1
444 92 1
445 446 1
446 91 1
339 447 1
447 327 1
127 448 1
448 102 1
442 50 1
449 277 1
150 450 1
450 445 1
91 451 1
451 452 1
452 315 1
315 453 1
453 454 1
454 455 1
455 456 1
456 29 1
166 457 1
457 449 1
92 458 1
458 459 1
459 6 1
460 268 1
461 348 1
415 462 1
270 461 1
463 464 1
464 465 1
137 381 1
212 463 1
170 121 1
465 466 1
466 278 1
348 248 1
208 349 1
467 468 1
469 470 1
471 206 1
472 473 1
474 475 1
476 477 1
478 479 1
480 481 1
482 243 1
483 474 1
193 484 1
468 469 1
485 200 1
486 487 1
488 489 1
144 485 1
490 491 1
492 493 1
493 480 1
198 494 1
494 211 1
473 495 1
496 497 1
497 478 1
498 499 1
500 501 1
501 192 1
489 500 1
502 483 1
199 504 1
504 505 1
505 494 1
197 497 1
497 506 1
506 498 1
498 507 1
479 503 1
503 476 1
476 508 1
470 496 1
510 141 1
511 491 1
491 512 1
512 244 1
244 511 1
499 506 1
513 472 1
505 509 1
514 512 1
512 490 1
490 482 1
515 502 1
502 475 1
475 516 1
517 510 1
481 518 1
504 467 1
487 495 1
495 488 1
519 142 1
142 520 1
521 522 1
523 524 1
524 525 1
525 28 1
28 266 1
416 68 1
67 163 1
56 526 1
526 527 1
527 48 1
528 529 1
530 528 1
466 279 1
530 531 1
531 273 1
273 532 1
532 266 1
59 533 1
533 259 1
114 134 1
134 54 1
54 534 1
534 535 1
535 536 1
536 59 1
59 398 1
249 185 1
185 537 1
537 538 1
539 112 1
540 112 1
113 541 1
541 527 1
136 113 1
112 257 1
542 530 1
537 462 1
543 544 1
544 545 1
545 546 1
546 440 1
440 547 1
382 548 1
399 395 1
395 394 1
394 392 1
392 388 1
534 549 1
549 550 1
550 550 1
279 551 1
551 552 1
552 545 1
545 530 1
279 553 1
553 426 1
426 437 1
437 554 1
555 264 1
264 77 1
555 466 1
556 555 1
562 563 1
318 564 1
188 565 1
567 568 1
569 570 1
570 58 1
571 569 1
569 572 1
572 573 1
573 260 1
261 574 1
574 313 1
313 9 1
535 575 1
536 576 1
577 578 1
577 579 1
579 580 1
580 581 1
581 191 1
582 143 1
143 182 1
182 179 1
179 583 1
583 176 1
585 202 1
520 521 1
520 583 1
583 585 1
586 587 1
588 177 1
177 65 1
65 586 1
522 589 1
507 590 1
590 587 1
589 591 1
591 194 1
194 592 1
591 593 1
593 471 1
140 195 1
195 593 1
79 594 1
594 523 1
155 595 1
155 79 1
79 596 1
212 597 1
597 428 1
428 431 1
431 598 1
599 600 1
600 89 1
601 602 1
602 603 1
603 604 1
604 605 1
606 607 1
607 608 1
608 609 1
609 610 1
610 611 1
611 612 1
608 613 1
609 614 1
610 615 1
602 616 1
616 617 1
617 608 1
609 617 1
603 616 1
618 619 1
619 620 1
620 621 1
621 622 1
622 623 1
623 624 1
624 625 1
625 626 1
626 627 1
627 628 1
628 629 1
630 529 1
529 138 1
138 115 1
115 548 1
529 275 1
275 385 1
385 111 1
111 631 1
631 632 1
633 227 1
227 236 1
634 635 1
634 636 1
457 637 1
637 562 1
562 638 1
638 416 1
156 212 1
639 640 1
618 641 1
642 643 1
643 644 1
645 646 1
647 648 1
644 647 1
649 645 1
650 651 1
652 414 1
414 650 1
653 654 1
654 652 1
655 656 1
656 657 1
658 659 1
659 660 1
660 661 1
661 658 1
656 581 1
581 658 1
657 580 1
580 661 1
663 664 1
664 662 1
662 267 1
267 656 1
665 666 1
667 666 1
666 668 1
668 669 1
669 665 1
664 160 1
160 665 1
670 161 1
161 667 1
671 672 1
672 639 1
639 673 1
674 675 1
675 676 1
677 654 1
654 649 1
649 642 1
642 678 1
678 679 1
357 680 1
680 681 1
681 682 1
682 683 1
684 685 1
525 686 1
685 27 1
687 688 1
368 361 1
361 689 1
679 690 1
692 691 1
693 694 1
678 695 1
696 693 1
694 692 1
690 696 1
697 236 1
636 698 1
699 700 1
701 702 1
703 704 1
705 240 1
706 707 1
698 708 1
709 699 1
702 710 1
711 231 1
704 697 1
700 705 1
707 701 1
237 709 1
710 703 1
708 706 1
234 711 1
712 83 1
83 677 1
676 413 1
413 713 1
713 714 1
572 568 1
568 567 1
567 571 1
715 347 1
347 716 1
717 718 1
718 719 1
719 720 1
720 683 1
683 721 1
721 722 1
722 723 1
723 724 1
725 726 1
726 727 1
727 728 1
728 729 1
729 715 1
686 730 1
730 684 1
684 689 1
689 359 1
359 731 1
731 732 1
732 733 1
733 734 1
734 724 1
724 716 1
735 675 1
675 712 1
736 247 1
247 737 1
734 738 1
740 741 1
741 223 1
742 723 1
723 345 1
743 412 1
744 743 1
189 745 1
746 747 1
747 238 1
238 744 1
744 714 1
714 739 1
739 651 1
651 232 1
232 218 1
748 229 1
229 219 1
749 221 1
221 635 1
635 748 1
750 748 1
354 720 1
751 355 1
355 752 1
752 718 1
356 680 1
753 754 1
754 755 1
755 756 1
756 757 1
758 755 1
219 222 1
222 749 1
353 757 1
729 759 1
759 760 1
758 343 1
343 761 1
357 363 1
363 358 1
358 687 1
687 762 1
761 721 1
719 752 1
220 230 1
230 750 1
760 2 1
2 753 1
763 681 1
764 765 1
736 242 1
242 329 1
329 7 1
7 204 1
765 181 1
181 40 1
40 737 1
368 730 1
254 766 1
766 56 1
754 767 1
767 768 1
769 770 1
770 768 1
771 157 1
563 772 1
772 637 1
629 615 1
615 614 1
614 613 1
613 773 1
773 564 1
564 774 1
775 618 1
80 282 1
282 776 1
776 175 1
175 777 1
777 335 1
335 124 1
578 778 1
778 190 1
190 158 1
158 558 1
558 120 1
120 213 1
213 23 1
779 377 1
780 379 1
781 378 1
782 380 1
783 631 1
384 276 1
728 784 1
784 785 1
786 787 1
787 788 1
788 759 1
759 346 1
785 787 1
789 790 1
790 3 1
5 790 1
727 791 1
789 792 1
792 791 1
793 792 1
792 794 1
795 793 1
796 793 1
596 341 1
364 366 1
366 367 1
367 594 1
797 798 1
798 524 1
799 732 1
732 269 1
800 731 1
731 26 1
799 800 1
801 762 1
762 733 1
688 801 1
738 742 1
344 722 1
722 763 1
132 802 1
803 802 1
129 43 1
128 804 1
805 804 1
537 271 1
538 255 1
42 806 1
190 806 1
807 808 1
106 808 1
809 770 1
770 810 1
810 767 1
767 4 1
811 560 1
560 783 1
783 632 1
632 249 1
126 620 1
620 812 1
812 813 1
813 612 1
612 814 1
455 627 1
627 814 1
544 815 1
815 816 1
817 551 1
818 541 1
819 258 1
820 766 1
820 136 1
278 821 1
821 543 1
154 543 1
409 284 1
822 10 1
285 822 1
586 187 1
187 823 1
204 149 1
149 824 1
824 459 1
459 450 1
450 241 1
736 146 1
146 245 1
245 514 1
765 241 1
824 825 1
825 826 1
823 565 1
565 745 1
826 148 1
148 588 1
827 586 1
826 828 1
828 829 1
829 823 1
588 204 1
830 451 1
451 444 1
444 831 1
832 458 1
458 446 1
446 833 1
833 90 1
90 830 1
831 93 1
93 832 1
834 443 1
443 452 1
452 835 1
836 94 1
94 837 1
837 171 1
171 838 1
838 96 1
96 839 1
840 629 1
834 831 1
841 317 1
317 773 1
830 835 1
241 833 1
835 316 1
316 840 1
840 453 1
453 447 1
447 842 1
842 326 1
326 834 1
831 837 1
832 824 1
839 843 1
843 836 1
836 832 1
835 841 1
825 839 1
95 843 1
844 172 1
172 845 1
845 834 1
842 846 1
845 325 1
325 846 1
847 600 1
600 830 1
844 838 1
837 845 1
846 174 1
174 324 1
324 844 1
848 557 1
557 528 1
528 274 1
274 559 1
559 265 1
265 811 1
184 37 1
37 578 1
23 556 1
272 154 1
272 154 1
211 508 1
508 486 1
202 588 1
206 492 1
849 224 1
224 633 1
633 749 1
196 591 1
587 584 1
584 209 1
209 350 1
210 513 1
513 518 1
518 516 1
516 517 1
471 210 1
517 484 1
484 520 1
850 851 1
851 532 1
118 852 1
852 853 1
853 215 1
263 853 1
853 854 1
854 855 1
855 117 1
73 855 1
855 852 1
852 262 1
856 857 1
857 857 1
858 411 1
411 859 1
859 747 1
223 860 1
860 220 1
671 76 1
76 861 1
862 75 1
75 863 1
863 864 1
864 865 1
865 21 1
21 866 1
866 672 1
672 673 1
861 860 1
741 862 1
864 216 1
543 272 1
64 147 1
806 867 1
867 418 1
258 256 1
280 418 1
534 254 1
254 43 1
52 314 1
314 44 1
44 820 1
266 460 1
826 97 1
97 323 1
323 33 1
33 776 1
776 108 1
108 168 1
168 331 1
331 638 1
638 164 1
164 868 1
868 598 1
598 85 1
85 869 1
220 596 1
596 751 1
623 813 1
813 870 1
871 31 1
31 872 1
873 874 1
875 871 1
872 338 1
338 456 1
456 625 1
876 874 1
874 619 1
877 777 1
777 875 1
774 607 1
621 125 1
125 334 1
334 877 1
878 626 1
641 101 1
101 879 1
880 879 1
881 877 1
875 336 1
336 123 1
123 622 1
628 611 1
611 870 1
870 605 1
605 876 1
624 122 1
122 337 1
337 871 1
872 842 1
879 441 1
441 332 1
332 104 1
104 881 1
881 333 1
333 448 1
448 641 1
883 882 1
533 884 1
884 570 1
570 885 1
885 526 1
57 885 1
885 302 1
886 887 1
135 549 1
549 575 1
575 576 1
576 398 1
888 889 1
890 573 1
573 884 1
891 890 1
892 868 1
868 420 1
420 429 1
429 893 1
893 156 1
87 894 1
894 465 1
465 555 1
416 163 1
163 895 1
216 854 1
595 130 1
310 312 1
312 883 1
304 891 1
896 310 1
292 889 1
889 304 1
897 829 1
829 64 1
147 828 1
828 898 1
98 899 1
899 900 1
900 566 1
566 183 1
898 98 1
321 899 1
899 897 1
81 321 1
901 109 1
109 902 1
902 903 1
903 778 1
778 579 1
904 439 1
905 438 1
438 425 1
425 906 1
907 433 1
433 436 1
436 869 1
907 894 1
894 597 1
597 893 1
893 167 1
167 162 1
162 867 1
867 903 1
903 908 1
908 36 1
36 320 1
320 900 1
900 823 1
909 546 1
546 910 1
910 906 1
906 553 1
553 907 1
905 61 1
61 547 1
869 554 1
554 905 1
418 902 1
902 911 1
911 80 1
578 908 1
908 80 1
912 582 1
398 886 1
886 10 1
330 561 1
69 417 1
432 423 1
63 910 1
910 552 1
552 821 1
821 155 1
63 424 1
86 435 1
895 419 1
109 904 1
283 901 1
523 152 1
434 427 1
