0
482
41.0084807 -8.6381199
41.0084871 -8.6386742
41.0084890 -8.6389278
41.0117183 -8.6383148
41.0116962 -8.6389073
41.0116982 -8.6397858
41.0116851 -8.6407246
41.0116691 -8.6414592
41.0116612 -8.6429740
41.0116571 -8.6436909
41.0116526 -8.6439889
41.0085969 -8.6440190
41.0093200 -8.6435256
41.0094313 -8.6434727
41.0110352 -8.6439869
41.0110400 -8.6436484
41.0110467 -8.6429689
41.0110515 -8.6419757
41.0110543 -8.6414062
41.0110549 -8.6407353
41.0110665 -8.6401054
41.0094030 -8.6389390
41.0103480 -8.6389200
41.0114980 -8.6388998
41.0123822 -8.6389474
41.0130133 -8.6389368
41.0130123 -8.6390550
41.0130059 -8.6398123
41.0130018 -8.6407064
41.0129967 -8.6415564
41.0129920 -8.6429931
41.0129849 -8.6437153
41.0129889 -8.6439667
41.0141098 -8.6432685
41.0122998 -8.6439801
41.0122030 -8.6439814
41.0104229 -8.6439832
41.0098050 -8.6440214
41.0123076 -8.6429866
41.0123353 -8.6415012
41.0123428 -8.6407070
41.0123617 -8.6397953
41.0123833 -8.6385183
41.0122214 -8.6384860
41.0120134 -8.6374667
41.0136858 -8.6415883
41.0136806 -8.6428575
41.0133313 -8.6429981
41.0106314 -8.6427773
41.0104380 -8.6432610
41.0100141 -8.6429938
41.0005905 -8.6415329
41.0012057 -8.6415342
41.0022269 -8.6415059
41.0031029 -8.6414946
41.0039685 -8.6414756
41.0046845 -8.6414576
41.0053373 -8.6414498
41.0059542 -8.6414357
41.0066251 -8.6414216
41.0072192 -8.6414120
41.0081515 -8.6413959
41.0085044 -8.6413956
41.0094171 -8.6413858
41.0106191 -8.6413648
41.0085262 -8.6440178
41.0085124 -8.6429303
41.0085087 -8.6423121
41.0085013 -8.6407610
41.0084943 -8.6398618
41.0097864 -8.6449437
41.0097850 -8.6457825
41.0072225 -8.6454163
41.0072218 -8.6449797
41.0072211 -8.6445350
41.0072145 -8.6441689
41.0072123 -8.6440435
41.0072152 -8.6432535
41.0072147 -8.6429551
41.0072176 -8.6422999
41.0072172 -8.6407815
41.0072151 -8.6402211
41.0072137 -8.6398320
41.0072135 -8.6396929
41.0072126 -8.6391214
41.0072090 -8.6380993
41.0066140 -8.6398473
41.0066177 -8.6407843
41.0066278 -8.6423048
41.0066261 -8.6429697
41.0066289 -8.6432774
41.0066161 -8.6440339
41.0059661 -8.6440477
41.0059612 -8.6432964
41.0059569 -8.6429883
41.0059536 -8.6423178
41.0059482 -8.6408023
41.0059383 -8.6398530
41.0059372 -8.6390926
41.0059349 -8.6389705
41.0046892 -8.6440551
41.0046845 -8.6436410
41.0046810 -8.6433326
41.0046842 -8.6430240
41.0046802 -8.6423248
41.0046817 -8.6408338
41.0046790 -8.6398869
41.0039831 -8.6460497
41.0039817 -8.6454866
41.0121716 -8.6370146
41.0119169 -8.6370200
41.0110532 -8.6370381
41.0103341 -8.6370543
41.0093982 -8.6370817
41.0085153 -8.6370991
41.0084754 -8.6370999
41.0078286 -8.6371203
41.0072094 -8.6371391
41.0066013 -8.6371393
41.0059170 -8.6371472
41.0053593 -8.6371546
41.0046678 -8.6371573
41.0039625 -8.6371622
41.0031574 -8.6371636
41.0081912 -8.6398219
41.0081816 -8.6402451
41.0081696 -8.6407705
41.0081314 -8.6423070
41.0081183 -8.6429311
41.0081035 -8.6440269
41.0102776 -8.6422685
41.0094183 -8.6422618
41.0091236 -8.6423507
41.0103470 -8.6407406
41.0103453 -8.6398040
41.0103486 -8.6380393
41.0108332 -8.6407348
41.0094071 -8.6407589
41.0056540 -8.6408107
41.0053418 -8.6408170
41.0039686 -8.6408322
41.0031074 -8.6408468
41.0022489 -8.6408497
41.0012662 -8.6408809
41.0006656 -8.6408892
41.0011251 -8.6363336
41.0009406 -8.6380862
41.0009294 -8.6382048
41.0021834 -8.6430828
41.0021912 -8.6423937
41.0022867 -8.6399234
41.0023172 -8.6390483
41.0023538 -8.6381780
41.0053354 -8.6423230
41.0039624 -8.6423470
41.0030964 -8.6423785
41.0011327 -8.6424109
41.0004227 -8.6422385
41.0013651 -8.6399358
41.0031414 -8.6381688
41.0031402 -8.6384723
41.0031375 -8.6390158
41.0031199 -8.6399148
41.0030855 -8.6430635
41.0030802 -8.6433567
41.0030733 -8.6437352
41.0008390 -8.6390752
41.0014418 -8.6390642
41.0039601 -8.6390041
41.0012040 -8.6363336
41.0023853 -8.6363176
41.0031664 -8.6363023
41.0078257 -8.6344378
41.0078306 -8.6362675
41.0103430 -8.6379307
41.0103302 -8.6362391
41.0101161 -8.6347043
41.0110461 -8.6362330
41.0110667 -8.6379175
41.0039760 -8.6430430
41.0053328 -8.6430032
41.0082167 -8.6429336
41.0053356 -8.6433193
41.0039772 -8.6433507
41.0125366 -8.6444051
41.0125758 -8.6445255
41.0116800 -8.6449466
41.0091064 -8.6444593
41.0091039 -8.6453427
41.0011631 -8.6461945
41.0011199 -8.6445840
41.0008267 -8.6445753
41.0009020 -8.6437353
41.0004743 -8.6445765
41.0005900 -8.6436533
41.0005609 -8.6438823
41.0014760 -8.6438783
41.0013796 -8.6445880
41.0007336 -8.6455324
41.0030640 -8.6461023
41.0030669 -8.6455153
41.0030855 -8.6445665
40.9984207 -8.6430916
41.0003805 -8.6435992
41.0011112 -8.6437881
41.0079370 -8.6454093
41.0079318 -8.6449687
41.0053383 -8.6445709
41.0053375 -8.6450092
41.0053367 -8.6454573
41.0039614 -8.6362967
41.0046694 -8.6363014
41.0053689 -8.6362802
41.0059149 -8.6362790
41.0066000 -8.6362758
41.0072081 -8.6362849
41.0084731 -8.6362514
41.0085121 -8.6362511
41.0093977 -8.6362453
41.0122559 -8.6362184
41.0118052 -8.6380226
41.0118431 -8.6379104
41.0120516 -8.6373654
41.0046904 -8.6445696
41.0046974 -8.6454711
41.0066432 -8.6449888
41.0059774 -8.6449967
41.0053404 -8.6389796
41.0046857 -8.6389863
41.0133843 -8.6415656
41.0094070 -8.6380614
41.0094036 -8.6393773
41.0094061 -8.6398127
41.0066405 -8.6445449
41.0066470 -8.6454289
41.0059786 -8.6454410
41.0046810 -8.6381406
41.0059241 -8.6380106
41.0065945 -8.6344488
41.0066027 -8.6379982
41.0039696 -8.6384495
41.0039685 -8.6381527
41.0039778 -8.6445566
41.0039775 -8.6441535
41.0039774 -8.6439613
41.0039652 -8.6399029
41.0097960 -8.6444557
41.0066648 -8.6398469
41.0066658 -8.6391471
41.0066662 -8.6388748
41.0066664 -8.6387260
41.0066667 -8.6384985
41.0066673 -8.6381081
41.0085119 -8.6454323
41.0085135 -8.6453934
41.0085355 -8.6445290
41.0021214 -8.6445787
41.0085681 -8.6397098
41.0084879 -8.6390919
41.0082670 -8.6390840
41.0082535 -8.6391160
41.0082567 -8.6396927
41.0084939 -8.6397115
41.0066366 -8.6445217
41.0066375 -8.6444955
41.0066318 -8.6443748
41.0066254 -8.6441782
41.0066191 -8.6440647
41.0059219 -8.6388743
41.0059224 -8.6386871
41.0059238 -8.6381194
41.0059715 -8.6388771
41.0144356 -8.6397972
41.0111768 -8.6397910
41.0017044 -8.6436640
41.0017536 -8.6435091
41.0116488 -8.6444364
41.0110386 -8.6444505
41.0110367 -8.6449172
41.0000112 -8.6376875
41.0005638 -8.6380279
41.0003948 -8.6380530
41.0083396 -8.6380719
41.0073527 -8.6380849
41.0070699 -8.6381015
41.0062697 -8.6381141
41.0053661 -8.6381322
41.0040992 -8.6381491
41.0010926 -8.6380921
41.0022027 -8.6380783
41.0023555 -8.6380755
41.0024933 -8.6380731
41.0031644 -8.6380608
41.0038238 -8.6380684
41.0039690 -8.6380604
41.0040996 -8.6380613
41.0046786 -8.6380407
41.0053657 -8.6380207
41.0070663 -8.6379931
41.0072108 -8.6379915
41.0073524 -8.6379885
41.0083393 -8.6379675
41.0141249 -8.6374141
41.0131986 -8.6364681
41.0091158 -8.6440376
41.0094345 -8.6440374
41.0096474 -8.6440291
41.0083577 -8.6440214
41.0023787 -8.6365675
41.0128359 -8.6368063
41.0126566 -8.6355509
41.0129341 -8.6371252
41.0125846 -8.6367913
41.0125255 -8.6356716
41.0130190 -8.6372448
41.0134020 -8.6379527
41.0135611 -8.6378904
41.0142945 -8.6338709
41.0134234 -8.6380756
41.0151872 -8.6361946
41.0104310 -8.6449301
41.0104320 -8.6444571
41.0092471 -8.6449444
41.0094965 -8.6449441
41.0094944 -8.6444642
41.0096478 -8.6444608
41.0053343 -8.6440381
41.0074260 -8.6391202
41.0078517 -8.6391180
41.0074244 -8.6396934
41.0078512 -8.6396930
41.0059626 -8.6391592
41.0108285 -8.6381910
41.0110813 -8.6381875
41.0108666 -8.6380343
41.0107232 -8.6381848
41.0105898 -8.6380361
41.0023791 -8.6367045
41.0090556 -8.6445139
41.0079264 -8.6445405
41.0072881 -8.6441693
41.0085270 -8.6440618
41.0090572 -8.6441777
41.0040373 -8.6440599
41.0040187 -8.6441537
41.0059484 -8.6441629
41.0059344 -8.6441628
41.0040357 -8.6441538
41.0079310 -8.6449020
41.0071844 -8.6442304
41.0060065 -8.6445095
41.0060063 -8.6444566
41.0065679 -8.6441658
41.0093379 -8.6393785
41.0133944 -8.6442322
41.0023751 -8.6377447
41.0023849 -8.6374025
41.0023910 -8.6371897
41.0023967 -8.6369896
41.0025185 -8.6369912
41.0030144 -8.6368041
41.0030176 -8.6366532
41.0025528 -8.6366463
41.0025347 -8.6367933
41.0015450 -8.6371855
41.0020068 -8.6373729
41.0016692 -8.6373464
41.0031585 -8.6371183
41.0031596 -8.6374495
41.0003476 -8.6438292
40.9995610 -8.6437491
41.0003313 -8.6439427
41.0032199 -8.6354416
41.0095014 -8.6454441
41.0021036 -8.6381883
41.0020734 -8.6382408
41.0018168 -8.6382408
41.0017569 -8.6381960
41.0053802 -8.6353341
41.0093871 -8.6352143
41.0094072 -8.6379475
41.0009181 -8.6383398
41.0007634 -8.6399361
41.0058857 -8.6399871
41.0056536 -8.6407572
41.0076454 -8.6448419
41.0078128 -8.6448411
41.0107034 -8.6424426
41.0039169 -8.6414238
41.0057470 -8.6412394
41.0056578 -8.6413000
41.0055617 -8.6412415
41.0055602 -8.6410487
41.0056554 -8.6409876
41.0057450 -8.6410450
41.0058882 -8.6408984
41.0053918 -8.6408991
41.0053922 -8.6413880
41.0056570 -8.6411982
41.0056585 -8.6413876
41.0056561 -8.6410848
41.0056547 -8.6408987
41.0039197 -8.6407748
41.0007228 -8.6398619
41.0008691 -8.6384728
41.0009343 -8.6390273
41.0009721 -8.6383463
41.0014468 -8.6390157
41.0014349 -8.6391308
41.0013714 -8.6398831
41.0008578 -8.6383405
41.0116657 -8.6380133
41.0116597 -8.6379068
41.0086237 -8.6380687
41.0086217 -8.6379619
41.0084847 -8.6379070
41.0053395 -8.6398707
41.0053350 -8.6436384
41.0038289 -8.6381553
41.0024948 -8.6381696
41.0022074 -8.6381864
41.0010961 -8.6381955
41.0063724 -8.6398502
41.0084940 -8.6398181
41.0129858 -8.6385798
41.0059776 -8.6445546
41.0060223 -8.6445563
41.0063745 -8.6443955
41.0063760 -8.6445040
41.0062459 -8.6445075
41.0062441 -8.6443982
41.0062146 -8.6443989
41.0063730 -8.6443593
41.0063892 -8.6443949
41.0062439 -8.6443601
41.0062444 -8.6444599
41.0064412 -8.6443581
41.0065506 -8.6443781
41.0065647 -8.6443788
41.0060958 -8.6443989
41.0060329 -8.6444566
41.0059965 -8.6445089
41.0142969 -8.6445665
41.0095698 -8.6457919
41.0065793 -8.6387260
41.0059620 -8.6390958
41.0066029 -8.6388753
41.0062839 -8.6388762
41.0059543 -8.6386867
41.0062715 -8.6384239
41.0062838 -8.6388577
41.0065931 -8.6396836
41.0063738 -8.6396944
41.0065749 -8.6394542
41.0063756 -8.6394917
41.0096492 -8.6441843
41.0058886 -8.6413872
41.0141335 -8.6432905
41.0091115 -8.6441780
41.0085291 -8.6441752
41.0059676 -8.6441630
41.0059795 -8.6459455
40.9995091 -8.6428919
41.0021598 -8.6436208
41.0014091 -8.6434828
41.0021526 -8.6438016
41.0123655 -8.6443443
41.0123643 -8.6444757
41.0121994 -8.6440860
41.0123679 -8.6440833
41.0123669 -8.6441931
41.0123659 -8.6442969
41.0123639 -8.6445171
41.0085216 -8.6379222
41.0075015 -8.6402281
41.0108135 -8.6418308
41.0014841 -8.6385735
41.0014891 -8.6384856
41.0084140 -8.6379567
41.0085473 -8.6379516
41.0085432 -8.6380824
41.0084238 -8.6380869
735
1 2 1
2 3 1
4 5 1
5 6 1
6 7 1
7 8 1
8 9 1
9 10 1
10 11 1
12 13 1
13 14 1
15 16 1
16 17 1
17 18 1
18 19 1
19 20 1
20 21 1
3 22 1
22 23 1
23 24 1
24 5 1
5 25 1
25 26 1
26 27 1
27 28 1
28 29 1
29 30 1
30 31 1
31 32 1
32 33 1
34 33 1
33 35 1
35 36 1
36 11 1
11 15 1
15 37 1
37 38 1
35 39 1
39 40 1
40 41 1
41 42 1
42 25 1
25 43 1
44 45 1
46 47 1
47 48 1
48 31 1
31 39 1
39 9 1
9 17 1
17 49 1
49 50 1
50 37 1
51 50 1
50 16 1
16 10 1
52 53 1
53 54 1
54 55 1
55 56 1
56 57 1
57 58 1
58 59 1
59 60 1
60 61 1
61 62 1
62 63 1
63 64 1
64 65 1
65 19 1
19 8 1
8 40 1
40 30 1
66 67 1
67 68 1
68 63 1
63 69 1
69 70 1
71 72 1
73 74 1
74 75 1
75 76 1
76 77 1
77 78 1
78 79 1
79 80 1
80 61 1
61 81 1
81 82 1
82 83 1
83 84 1
84 85 1
85 86 1
87 88 1
88 60 1
60 89 1
89 90 1
90 91 1
91 92 1
93 94 1
94 95 1
95 96 1
96 59 1
59 97 1
97 98 1
98 99 1
99 100 1
101 102 1
102 103 1
103 104 1
104 105 1
105 57 1
57 106 1
106 107 1
108 109 1
110 111 1
111 112 1
112 113 1
113 114 1
114 115 1
115 116 1
116 117 1
117 118 1
118 119 1
119 120 1
120 121 1
121 122 1
122 123 1
123 124 1
125 126 1
126 127 1
127 62 1
62 128 1
128 129 1
129 130 1
131 132 1
132 133 1
133 13 1
134 135 1
135 23 1
23 136 1
29 41 1
41 7 1
7 20 1
20 137 1
137 134 1
134 138 1
138 69 1
69 127 1
127 81 1
81 88 1
88 97 1
97 139 1
139 140 1
140 106 1
106 141 1
141 142 1
142 143 1
143 144 1
144 145 1
146 147 1
147 148 1
149 150 1
150 54 1
54 143 1
143 151 1
151 152 1
152 153 1
128 80 1
80 89 1
89 96 1
96 154 1
154 105 1
105 155 1
155 156 1
156 150 1
150 157 1
157 158 1
159 144 1
144 53 1
53 157 1
160 161 1
161 162 1
162 163 1
163 142 1
142 55 1
55 156 1
156 164 1
164 165 1
165 166 1
167 168 1
168 152 1
152 162 1
162 169 1
146 170 1
170 171 1
171 172 1
173 174 1
174 117 1
175 113 1
113 176 1
176 177 1
177 178 1
178 112 1
112 179 1
164 180 1
180 104 1
104 181 1
181 95 1
95 90 1
90 79 1
79 129 1
129 182 1
78 91 1
91 94 1
94 183 1
183 103 1
103 184 1
185 186 1
186 187 1
188 189 1
190 191 1
192 193 1
195 196 1
196 194 1
197 198 1
199 192 1
200 201 1
201 202 1
203 204 1
204 195 1
195 193 1
193 205 1
205 197 1
206 207 1
208 209 1
209 210 1
172 211 1
211 212 1
212 213 1
213 214 1
214 215 1
215 216 1
216 174 1
174 217 1
217 218 1
218 219 1
219 176 1
176 178 1
178 220 1
164 149 1
221 222 1
222 45 1
45 223 1
223 110 1
110 220 1
224 225 1
207 74 1
74 226 1
226 227 1
227 209 1
100 228 1
228 229 1
229 169 1
230 48 1
48 32 1
30 230 1
230 46 1
231 22 1
22 232 1
232 233 1
234 226 1
226 235 1
109 201 1
109 225 1
225 210 1
210 236 1
236 235 1
235 73 1
229 237 1
238 120 1
120 214 1
239 215 1
215 119 1
119 240 1
169 241 1
241 242 1
243 244 1
244 245 1
245 184 1
184 180 1
180 155 1
155 56 1
56 141 1
141 246 1
246 169 1
205 191 1
247 71 1
248 249 1
249 250 1
250 251 1
251 252 1
252 253 1
254 255 1
255 256 1
257 202 1
202 243 1
258 259 1
259 260 1
260 261 1
261 262 1
262 263 1
263 258 1
259 3 1
234 264 1
264 265 1
265 266 1
266 267 1
267 268 1
268 92 1
269 270 1
270 271 1
269 272 1
273 28 1
28 42 1
42 6 1
6 274 1
274 135 1
135 233 1
197 275 1
275 276 1
276 149 1
189 255 1
255 206 1
206 73 1
187 277 1
278 279 1
280 281 1
283 284 1
284 86 1
86 285 1
285 253 1
253 286 1
286 271 1
271 287 1
287 237 1
237 288 1
288 242 1
281 147 1
147 289 1
289 290 1
290 291 1
291 292 1
292 293 1
293 294 1
294 295 1
295 296 1
296 297 1
297 298 1
298 238 1
238 240 1
240 299 1
299 300 1
300 301 1
301 302 1
303 304 1
305 306 1
307 38 1
305 12 1
12 66 1
66 308 1
171 309 1
310 311 1
312 313 1
313 314 1
304 310 1
310 312 1
312 315 1
315 316 1
316 317 1
318 303 1
316 319 1
319 319 1
313 314 1
314 311 1
315 317 1
321 322 1
323 324 1
324 71 1
279 321 1
321 71 1
325 188 1
247 326 1
93 327 1
327 101 1
101 245 1
245 166 1
166 149 1
85 328 1
328 329 1
329 261 1
84 330 1
330 331 1
331 262 1
330 328 1
249 332 1
333 334 1
335 333 1
333 336 1
336 337 1
334 336 1
309 338 1
339 256 1
256 340 1
340 341 1
341 342 1
342 343 1
343 339 1
344 345 1
345 346 1
346 347 1
347 348 1
348 344 1
207 349 1
349 340 1
350 264 1
264 351 1
351 352 1
352 353 1
353 268 1
268 267 1
267 350 1
232 354 1
354 354 1
67 182 1
185 277 1
277 278 1
278 322 1
322 247 1
185 355 1
153 291 1
291 356 1
356 357 1
357 358 1
358 359 1
359 338 1
359 360 1
360 361 1
361 362 1
362 363 1
363 364 1
364 360 1
365 358 1
361 364 1
362 363 1
357 366 1
366 367 1
368 369 1
370 196 1
371 372 1
204 370 1
370 372 1
331 329 1
260 2 1
373 172 1
172 368 1
368 124 1
124 369 1
369 293 1
374 324 1
324 325 1
375 376 1
376 377 1
377 378 1
379 213 1
213 121 1
121 298 1
380 219 1
219 114 1
114 381 1
187 279 1
148 382 1
382 167 1
167 383 1
383 145 1
145 52 1
52 158 1
148 282 1
384 385 1
385 384 1
386 387 1
349 387 1
388 49 1
387 386 1
389 389 1
390 391 1
391 392 1
392 393 1
393 394 1
394 395 1
395 390 1
395 396 1
393 397 1
392 398 1
399 391 1
391 400 1
401 394 1
394 402 1
402 139 1
399 401 1
401 399 1
403 403 1
404 404 1
405 405 1
406 407 1
407 377 1
377 376 1
376 408 1
408 406 1
409 410 1
407 382 1
382 411 1
412 413 1
414 415 1
283 302 1
416 116 1
116 217 1
284 301 1
285 299 1
86 300 1
300 118 1
118 216 1
287 228 1
228 417 1
417 140 1
140 58 1
58 154 1
154 181 1
181 183 1
183 418 1
418 327 1
297 122 1
122 212 1
288 296 1
419 294 1
420 292 1
421 290 1
422 289 1
411 405 1
242 295 1
295 123 1
123 211 1
242 419 1
419 160 1
160 420 1
420 153 1
153 421 1
421 375 1
375 378 1
378 422 1
422 148 1
87 423 1
423 98 1
98 417 1
417 107 1
107 246 1
246 163 1
163 151 1
151 159 1
159 383 1
233 424 1
424 125 1
125 83 1
83 248 1
248 87 1
233 138 1
138 64 1
64 132 1
132 14 1
14 306 1
43 425 1
43 44 1
70 424 1
424 263 1
426 427 1
427 234 1
234 75 1
428 429 1
430 429 1
429 265 1
431 432 1
433 428 1
428 434 1
435 431 1
431 436 1
437 438 1
439 266 1
438 439 1
432 440 1
352 441 1
441 440 1
440 435 1
435 433 1
433 437 1
442 351 1
351 430 1
430 436 1
427 442 1
442 352 1
443 72 1
72 444 1
445 251 1
269 446 1
446 332 1
447 250 1
272 448 1
448 447 1
270 449 1
99 446 1
286 450 1
451 448 1
452 453 1
454 455 1
423 453 1
453 455 1
14 51 1
51 131 1
131 65 1
65 137 1
137 21 1
21 274 1
274 24 1
24 4 1
4 221 1
306 307 1
307 456 1
456 326 1
326 325 1
139 385 1
457 390 1
457 400 1
400 398 1
398 397 1
397 402 1
402 396 1
396 457 1
458 456 1
456 459 1
459 343 1
343 460 1
460 341 1
341 76 1
76 267 1
267 353 1
353 461 1
461 346 1
346 347 1
347 348 1
348 345 1
345 244 1
462 236 1
236 227 1
227 426 1
426 461 1
461 93 1
308 130 1
130 77 1
77 92 1
92 93 1
463 276 1
276 464 1
256 460 1
460 342 1
342 66 1
465 275 1
275 466 1
194 192 1
192 191 1
191 198 1
198 257 1
109 243 1
243 224 1
224 208 1
418 102 1
184 165 1
188 459 1
459 305 1
467 468 1
36 469 1
469 470 1
470 471 1
471 472 1
468 473 1
472 467 1
473 186 1
26 425 1
223 111 1
161 241 1
128 68 1
474 115 1
115 218 1
444 374 1
126 475 1
475 82 1
476 18 1
464 466 1
466 257 1
410 159 1
477 408 1
408 168 1
168 409 1
409 410 1
478 477 1
221 412 1
412 335 1
335 337 1
337 136 1
136 231 1
231 414 1
415 381 1
381 175 1
175 179 1
179 413 1
413 222 1
479 416 1
416 474 1
474 480 1
480 415 1
414 481 1
302 479 1
482 283 1
481 1 1
1 482 1
482 479 1
480 481 1
