0
163
41.2767836 -8.7089577
41.2791034 -8.7043614
41.2723620 -8.7273144
41.2724015 -8.7268873
41.2725760 -8.7261610
41.2726142 -8.7260006
41.2728138 -8.7251640
41.2728530 -8.7249996
41.2732531 -8.7233222
41.2733429 -8.7229455
41.2733797 -8.7227907
41.2701825 -8.7155521
41.2707674 -8.7158274
41.2709593 -8.7159138
41.2713424 -8.7158300
41.2720004 -8.7153104
41.2708443 -8.7198500
41.2706865 -8.7180613
41.2673208 -8.7102640
41.2684433 -8.7100779
41.2712743 -8.7192638
41.2721446 -8.7231201
41.2706158 -8.7149433
41.2734811 -8.7274994
41.2736611 -8.7265273
41.2736957 -8.7263983
41.2739453 -8.7255944
41.2739664 -8.7254739
41.2780426 -8.7242317
41.2781532 -8.7237370
41.2784501 -8.7224076
41.2787019 -8.7214642
41.2787231 -8.7213771
41.2791211 -8.7207113
41.2750532 -8.7102233
41.2748644 -8.7271238
41.2750003 -8.7267584
41.2750886 -8.7265210
41.2754065 -8.7256709
41.2759045 -8.7243949
41.2761501 -8.7237489
41.2762851 -8.7234230
41.2790196 -8.7090794
41.2775132 -8.7095371
41.2769282 -8.7110367
41.2759109 -8.7106329
41.2750658 -8.7103865
41.2747420 -8.7274083
41.2747672 -8.7273787
41.2748617 -8.7273932
41.2748605 -8.7275532
41.2747977 -8.7275795
41.2747410 -8.7275349
41.2782587 -8.7183389
41.2778431 -8.7194614
41.2753078 -8.7062123
41.2787826 -8.7189009
41.2787700 -8.7196740
41.2788486 -8.7200492
41.2767301 -8.7223221
41.2773758 -8.7238867
41.2777925 -8.7221409
41.2782057 -8.7182955
41.2718841 -8.7259307
41.2714137 -8.7257052
41.2718973 -8.7258753
41.2791402 -8.7188602
41.2781837 -8.7203094
41.2742011 -8.7236235
41.2732413 -8.7262312
41.2772604 -8.7251248
41.2794667 -8.7093579
41.2733441 -8.7158215
41.2737098 -8.7131820
41.2745238 -8.7116706
41.2755163 -8.7092054
41.2785870 -8.7198182
41.2783394 -8.7177974
41.2788020 -8.7245814
41.2743000 -8.7275572
41.2796691 -8.7164619
41.2780810 -8.7194799
41.2783915 -8.7197109
41.2750842 -8.7276634
41.2748731 -8.7276486
41.2747757 -8.7276420
41.2745502 -8.7276268
41.2719142 -8.7247135
41.2739671 -8.7230795
41.2738650 -8.7235090
41.2717208 -8.7266190
41.2790367 -8.7183064
41.2789450 -8.7186520
41.2795923 -8.7192225
41.2721319 -8.7248869
41.2779401 -8.7210271
41.2779098 -8.7211162
41.2806735 -8.7191740
41.2823480 -8.7171305
41.2794293 -8.7213566
41.2802531 -8.7202588
41.2729612 -8.7274211
41.2801964 -8.7056282
41.2791791 -8.7155164
41.2795757 -8.7134900
41.2800421 -8.7135399
41.2802900 -8.7133152
41.2804179 -8.7129578
41.2810175 -8.7113497
41.2769568 -8.7091593
41.2745191 -8.7237441
41.2800241 -8.7225251
41.2750732 -8.7086986
41.2749336 -8.7275226
41.2751441 -8.7268399
41.2752437 -8.7256353
41.2720937 -8.7236772
41.2777344 -8.7240839
41.2748586 -8.7229867
41.2822725 -8.7256446
41.2798485 -8.7249909
41.2852486 -8.7132012
41.2823876 -8.7264887
41.2817232 -8.7279230
41.2812583 -8.7278769
41.2824560 -8.7266860
41.2700829 -8.7259885
41.2708054 -8.7264575
41.2722917 -8.7274342
41.2723321 -8.7274503
41.2759185 -8.7283009
41.2735026 -8.7225508
41.2747631 -8.7229550
41.2784028 -8.7283638
41.2753026 -8.7062858
41.2765318 -8.7284522
41.2722685 -8.7277386
41.2722453 -8.7280412
41.2732941 -8.7281532
41.2734764 -8.7276012
41.2802751 -8.7294396
41.2801405 -8.7292839
41.2818438 -8.7309337
41.2667102 -8.7021773
41.2677235 -8.7211402
41.2691657 -8.7217617
41.2701809 -8.7207531
41.2788629 -8.7200868
41.2729301 -8.7156809
41.2734265 -8.7176149
41.2748573 -8.7277445
41.2742592 -8.7279222
41.2698358 -8.7222634
41.2700686 -8.7259756
41.2730482 -8.7269432
41.2766717 -8.7222911
41.2777701 -8.7194097
41.2677531 -8.7138209
41.2719838 -8.7148874
41.2827736 -8.7276956
41.2829755 -8.7121358
41.2803194 -8.7136610
41.2699671 -8.7125723
202
1 2 1
3 4 1
4 5 1
5 6 1
6 7 1
7 8 1
8 9 1
9 10 1
10 11 1
12 13 1
13 14 1
14 15 1
15 16 1
17 18 1
19 20 1
14 18 1
18 21 1
21 17 1
17 22 1
22 10 1
13 23 1
24 25 1
25 26 1
26 27 1
27 28 1
28 8 1
29 30 1
30 31 1
31 32 1
32 33 1
33 34 1
36 37 1
37 38 1
38 39 1
39 40 1
40 41 1
41 42 1
43 44 1
45 46 1
46 47 1
48 49 1
49 50 1
50 51 1
51 52 1
52 53 1
53 48 1
54 55 1
54 57 1
57 58 1
58 59 1
61 62 1
25 38 1
63 54 1
64 65 1
5 66 1
26 70 1
70 6 1
40 71 1
73 74 1
74 75 1
75 47 1
47 35 1
35 76 1
76 1 1
59 77 1
78 54 1
63 78 1
30 79 1
53 80 1
82 55 1
77 83 1
83 82 1
84 85 1
85 86 1
86 87 1
89 90 1
77 58 1
4 91 1
91 65 1
78 92 1
93 67 1
67 94 1
91 64 1
64 66 1
66 95 1
83 68 1
68 96 1
96 97 1
98 99 1
100 101 1
41 71 1
3 102 1
102 24 1
24 80 1
2 103 1
78 104 1
104 105 1
105 45 1
45 44 1
105 106 1
106 107 1
107 108 1
108 109 1
32 97 1
97 96 1
96 33 1
9 90 1
90 69 1
69 111 1
44 110 1
110 1 1
57 93 1
93 92 1
112 31 1
31 62 1
76 113 1
104 81 1
51 114 1
114 115 1
116 41 1
7 95 1
95 88 1
88 117 1
29 118 1
118 61 1
61 42 1
42 119 1
120 121 1
122 103 1
79 29 1
124 125 1
127 128 1
128 129 1
129 130 1
114 131 1
11 132 1
132 133 1
133 119 1
111 133 1
118 134 1
135 56 1
113 135 1
138 137 1
137 129 1
139 140 1
140 24 1
141 142 1
142 134 1
134 136 1
136 84 1
143 141 1
144 20 1
145 146 1
146 147 1
108 99 1
148 98 1
149 150 1
142 125 1
87 140 1
140 130 1
151 86 1
152 151 1
151 85 1
146 153 1
153 147 1
154 153 1
102 155 1
70 155 1
37 115 1
115 131 1
27 116 1
49 36 1
36 50 1
42 156 1
156 157 1
156 60 1
130 3 1
59 148 1
148 34 1
34 100 1
100 112 1
98 94 1
16 149 1
149 73 1
158 12 1
73 63 1
159 16 1
116 39 1
160 124 1
121 79 1
161 109 1
109 72 1
72 43 1
55 157 1
157 63 1
55 60 1
60 42 1
107 162 1
162 106 1
117 22 1
150 132 1
86 52 1
