0
2040
41.1488008 -8.6121386
41.1493065 -8.6113857
41.1494158 -8.6112234
41.1499789 -8.6131423
41.1499575 -8.6140445
41.1499245 -8.6148131
41.1515875 -8.6176031
41.1513402 -8.6185977
41.1507093 -8.6210997
41.1537434 -8.6132505
41.1537496 -8.6126871
41.1537666 -8.6121117
41.1538357 -8.6120253
41.1552341 -8.6190683
41.1551988 -8.6188807
41.1543025 -8.6140160
41.1541642 -8.6133083
41.1528719 -8.6135935
41.1526941 -8.6157063
41.1526860 -8.6157974
41.1525907 -8.6169171
41.1524873 -8.6180312
41.1549974 -8.6189758
41.1516791 -8.6212767
41.1526088 -8.6207549
41.1562894 -8.6193259
41.1565309 -8.6207729
41.1552348 -8.6119105
41.1557432 -8.6118990
41.1566275 -8.6118764
41.1529940 -8.6120177
41.1522982 -8.6108785
41.1519282 -8.6102726
41.1518487 -8.6101425
41.1483815 -8.5985652
41.1485584 -8.5999308
41.1486761 -8.6004745
41.1486949 -8.6005827
41.1525977 -8.6080214
41.1526031 -8.6080742
41.1525237 -8.6081424
41.1511771 -8.6084709
41.1510886 -8.6085106
41.1506190 -8.6088200
41.1505601 -8.6088601
41.1504849 -8.6089109
41.1504490 -8.6089714
41.1501627 -8.6094208
41.1501003 -8.6094343
41.1500752 -8.6094397
41.1494714 -8.6095185
41.1492013 -8.6094974
41.1491623 -8.6094912
41.1491375 -8.6094872
41.1509449 -8.6042501
41.1509500 -8.6048091
41.1509574 -8.6053649
41.1509683 -8.6057815
41.1509753 -8.6062191
41.1509797 -8.6065511
41.1509254 -8.6067378
41.1555530 -8.6026294
41.1551569 -8.6027794
41.1545668 -8.6030065
41.1505026 -8.6002415
41.1505309 -8.6004687
41.1505522 -8.6006356
41.1489520 -8.6019049
41.1472894 -8.6026210
41.1488517 -8.6030671
41.1491982 -8.6031713
41.1551062 -8.6055490
41.1536414 -8.6062267
41.1535512 -8.6062294
41.1548151 -8.6046934
41.1489819 -8.6020829
41.1510098 -8.6022297
41.1545339 -8.6005458
41.1545335 -8.6000183
41.1545295 -8.5994778
41.1627093 -8.6111351
41.1581465 -8.6122278
41.1580559 -8.6122303
41.1516838 -8.6096613
41.1518289 -8.6100183
41.1558100 -8.6092494
41.1556754 -8.6100078
41.1513742 -8.6105064
41.1511088 -8.6107099
41.1508229 -8.6108859
41.1507370 -8.6108828
41.1505507 -8.6108577
41.1464243 -8.6019107
41.1478270 -8.6019764
41.1493955 -8.6041093
41.1495087 -8.6045814
41.1495157 -8.6046127
41.1495324 -8.6046848
41.1495396 -8.6047160
41.1496976 -8.6053983
41.1586762 -8.6075204
41.1574918 -8.6081097
41.1583675 -8.6066794
41.1589843 -8.6083976
41.1573409 -8.6126514
41.1571780 -8.6127422
41.1567137 -8.6130226
41.1566312 -8.6130665
41.1580162 -8.5988150
41.1491137 -8.6094836
41.1490791 -8.6094784
41.1487412 -8.6094279
41.1532733 -8.6007815
41.1566141 -8.6001702
41.1569212 -8.6001177
41.1567979 -8.6076897
41.1568007 -8.6092463
41.1497835 -8.6057820
41.1498617 -8.6057545
41.1505101 -8.6055270
41.1536555 -8.5989783
41.1544770 -8.5989796
41.1529176 -8.6240719
41.1555160 -8.6191649
41.1559418 -8.6208326
41.1600152 -8.6210910
41.1581274 -8.6197807
41.1506802 -8.6171680
41.1513496 -8.6154449
41.1513657 -8.6153710
41.1491720 -8.6175418
41.1491842 -8.6174915
41.1492893 -8.6164438
41.1500662 -8.6177711
41.1501578 -8.6129526
41.1502148 -8.6130785
41.1501202 -8.6147925
41.1509259 -8.6147127
41.1510452 -8.6147002
41.1480124 -8.6151747
41.1485193 -8.6149725
41.1491595 -8.6149639
41.1587582 -8.6045109
41.1581327 -8.6045356
41.1578191 -8.6045480
41.1566451 -8.6046039
41.1535970 -8.6119957
41.1535795 -8.6114510
41.1502687 -8.6120989
41.1537227 -8.6119799
41.1571560 -8.6019667
41.1532952 -8.5997196
41.1555625 -8.6208838
41.1553223 -8.6195651
41.1551860 -8.6092344
41.1573499 -8.6091622
41.1548230 -8.6209435
41.1549431 -8.6209338
41.1553709 -8.6209013
41.1604370 -8.6099739
41.1574804 -8.6099785
41.1572540 -8.6099838
41.1551969 -8.6100176
41.1588114 -8.5986677
41.1575282 -8.5989200
41.1568221 -8.5990585
41.1555082 -8.6132850
41.1552594 -8.6132878
41.1545372 -8.6025005
41.1551540 -8.6076319
41.1485895 -8.6156140
41.1484254 -8.5982372
41.1489915 -8.5987134
41.1491592 -8.5987550
41.1493140 -8.5993600
41.1491025 -8.5990569
41.1532747 -8.6063287
41.1525078 -8.6064105
41.1523459 -8.6067268
41.1522933 -8.6068184
41.1513710 -8.6095608
41.1513990 -8.6095356
41.1514773 -8.6094979
41.1536304 -8.6047458
41.1535301 -8.6048512
41.1535380 -8.6054379
41.1535842 -8.6111483
41.1536317 -8.6114608
41.1535040 -8.6099589
41.1534962 -8.6090598
41.1534902 -8.6085809
41.1534752 -8.6079953
41.1539912 -8.6099411
41.1542141 -8.6100412
41.1575940 -8.6071936
41.1556680 -8.6076780
41.1554359 -8.6076504
41.1526881 -8.6081468
41.1533826 -8.6080057
41.1511073 -8.6073894
41.1510749 -8.6072799
41.1509605 -8.6068694
41.1549111 -8.6132841
41.1602408 -8.6086663
41.1580120 -8.6094317
41.1575774 -8.6136559
41.1576410 -8.6139818
41.1589957 -8.6170527
41.1582532 -8.6168981
41.1580388 -8.6169308
41.1577421 -8.6170554
41.1573976 -8.6174617
41.1571931 -8.6177366
41.1571638 -8.6177727
41.1569131 -8.6180687
41.1592117 -8.6140135
41.1576311 -8.6142580
41.1558096 -8.6225988
41.1558156 -8.6225620
41.1559315 -8.6220770
41.1559859 -8.6214273
41.1566109 -8.6212708
41.1561364 -8.6214029
41.1571459 -8.6175832
41.1568286 -8.6164760
41.1567908 -8.6163356
41.1567459 -8.6161615
41.1559695 -8.6174328
41.1568052 -8.6184979
41.1575429 -8.6142468
41.1572359 -8.6148820
41.1570826 -8.6149852
41.1567428 -8.6146103
41.1568700 -8.6139603
41.1570440 -8.6143979
41.1567757 -8.6125059
41.1566390 -8.6125098
41.1576056 -8.6123379
41.1567665 -8.6120352
41.1571319 -8.6125987
41.1527479 -8.6084543
41.1518213 -8.6066595
41.1517413 -8.6067037
41.1515061 -8.6068336
41.1497128 -8.6111287
41.1497370 -8.6111192
41.1497568 -8.6111114
41.1551925 -8.6059452
41.1540216 -8.6077617
41.1557283 -8.6053339
41.1557781 -8.6054894
41.1552272 -8.6058850
41.1553064 -8.6066392
41.1561038 -8.6064207
41.1563774 -8.6063181
41.1553479 -8.6069659
41.1562370 -8.6068318
41.1559708 -8.6059915
41.1559613 -8.6059615
41.1560573 -8.6083039
41.1559210 -8.6083452
41.1560266 -8.6088248
41.1562540 -8.6087300
41.1557080 -8.6088390
41.1577949 -8.6001927
41.1578056 -8.6002336
41.1579119 -8.6007413
41.1580920 -8.6015950
41.1592760 -8.6004517
41.1568464 -8.5993821
41.1576615 -8.6017745
41.1572130 -8.6006904
41.1570633 -8.6005256
41.1569948 -8.6007643
41.1565559 -8.5996572
41.1566619 -8.5994426
41.1499529 -8.6185917
41.1496431 -8.6208752
41.1501886 -8.6168860
41.1515535 -8.6175938
41.1506595 -8.6171580
41.1495588 -8.6165772
41.1493278 -8.6164629
41.1489759 -8.6163094
41.1488617 -8.6162604
41.1530487 -8.6183052
41.1529340 -8.6182597
41.1522366 -8.6179199
41.1505030 -8.6110573
41.1501064 -8.6128015
41.1482679 -8.6129898
41.1498314 -8.6129835
41.1491992 -8.6104496
41.1492612 -8.6104140
41.1496493 -8.6102157
41.1499034 -8.6102360
41.1503452 -8.6103510
41.1506060 -8.6102434
41.1504405 -8.6108473
41.1503863 -8.6108506
41.1499902 -8.6111388
41.1498389 -8.6112224
41.1497903 -8.6112386
41.1497303 -8.6112460
41.1495462 -8.6112328
41.1532820 -8.6100128
41.1535469 -8.6087035
41.1569549 -8.6003648
41.1569674 -8.6002890
41.1569380 -8.6001482
41.1571651 -8.6174826
41.1571671 -8.6173325
41.1499240 -8.6063779
41.1498470 -8.6064171
41.1486163 -8.6070435
41.1485299 -8.6070875
41.1492746 -8.6110253
41.1492322 -8.6106303
41.1489249 -8.6084542
41.1488477 -8.6081896
41.1557817 -8.6211787
41.1558145 -8.6209651
41.1558802 -8.6208388
41.1548093 -8.6205918
41.1487349 -8.6161958
41.1509773 -8.6148604
41.1514546 -8.6146645
41.1514083 -8.6153097
41.1507373 -8.6142867
41.1502945 -8.6130976
41.1516693 -8.6138497
41.1499239 -8.6148571
41.1499240 -8.6148482
41.1515501 -8.6146051
41.1534494 -8.6068900
41.1484579 -8.6095747
41.1487354 -8.6098624
41.1493535 -8.6112172
41.1496150 -8.6103432
41.1486296 -8.6191929
41.1486648 -8.6192515
41.1487250 -8.6193795
41.1521134 -8.6100429
41.1519532 -8.6101032
41.1562764 -8.6178713
41.1560535 -8.6179250
41.1560159 -8.6176976
41.1524595 -8.6169009
41.1520574 -8.6164100
41.1521651 -8.6157269
41.1522918 -8.6157403
41.1525515 -8.6157800
41.1530352 -8.5990823
41.1525745 -8.5974466
41.1569411 -8.6001761
41.1568926 -8.6001820
41.1525042 -8.6163492
41.1568965 -8.6002207
41.1569642 -8.6002471
41.1569596 -8.6002073
41.1568980 -8.6002585
41.1569013 -8.6003004
41.1563163 -8.6139480
41.1565018 -8.6138165
41.1572481 -8.6172756
41.1571833 -8.6173054
41.1571706 -8.6173125
41.1519658 -8.6163984
41.1520208 -8.6156984
41.1568800 -8.6137372
41.1565591 -8.6139676
41.1563769 -8.6140995
41.1553245 -8.6135370
41.1534710 -8.6047566
41.1518517 -8.6050347
41.1507792 -8.6142690
41.1516571 -8.6138498
41.1552532 -8.6062453
41.1558160 -8.6060346
41.1511030 -8.6085454
41.1511065 -8.6085537
41.1513041 -8.6089867
41.1514909 -8.6093949
41.1514889 -8.6094232
41.1527219 -8.5985405
41.1524209 -8.5987187
41.1526198 -8.5980290
41.1524047 -8.5986362
41.1525038 -8.5991136
41.1527728 -8.5990163
41.1516924 -8.6000050
41.1521085 -8.5992234
41.1526007 -8.6098156
41.1526453 -8.6098149
41.1544566 -8.6094641
41.1544061 -8.6089071
41.1482424 -8.6157930
41.1485336 -8.6155934
41.1520336 -8.5988448
41.1501006 -8.6071805
41.1501294 -8.6073101
41.1502104 -8.6076750
41.1502271 -8.6077498
41.1504737 -8.6088617
41.1506367 -8.6095236
41.1506648 -8.6096425
41.1507614 -8.6099174
41.1508997 -8.6099839
41.1522303 -8.6069065
41.1519887 -8.6070155
41.1516049 -8.6071817
41.1504141 -8.6076722
41.1519645 -8.6054881
41.1520711 -8.6059371
41.1520981 -8.6060507
41.1523114 -8.6069045
41.1523368 -8.6070037
41.1488281 -8.6081873
41.1488180 -8.6081861
41.1485718 -8.6081092
41.1521882 -8.6059983
41.1532096 -8.6054044
41.1481676 -8.6081967
41.1481817 -8.6082316
41.1482003 -8.6082792
41.1487463 -8.6094007
41.1489156 -8.6085002
41.1535021 -8.6100626
41.1572106 -8.6113301
41.1576408 -8.6124678
41.1534587 -8.6078834
41.1534591 -8.6067659
41.1521275 -8.6061663
41.1551071 -8.6129451
41.1550310 -8.6120065
41.1541989 -8.6121428
41.1540621 -8.6123359
41.1539923 -8.6126029
41.1542977 -8.6125426
41.1545093 -8.6128370
41.1545664 -8.6127636
41.1545896 -8.6126587
41.1545571 -8.6125268
41.1544324 -8.6124443
41.1542739 -8.6126681
41.1543152 -8.6127963
41.1544325 -8.6128641
41.1540216 -8.6126193
41.1539282 -8.6126763
41.1539862 -8.6127551
41.1540430 -8.6126749
41.1548668 -8.6126986
41.1548859 -8.6126989
41.1549331 -8.6126138
41.1548885 -8.6125507
41.1548202 -8.6126272
41.1546700 -8.6131506
41.1547978 -8.6129812
41.1540828 -8.6130200
41.1547922 -8.6123158
41.1544422 -8.6132965
41.1544321 -8.6121374
41.1506435 -8.6004389
41.1507950 -8.6004815
41.1509543 -8.6003531
41.1510720 -8.6003165
41.1507726 -8.6003316
41.1536187 -8.6099552
41.1535825 -8.6080435
41.1485971 -8.6106115
41.1486877 -8.6105819
41.1482742 -8.6107562
41.1486052 -8.6106514
41.1486007 -8.6106318
41.1486842 -8.6105628
41.1486674 -8.6104680
41.1490035 -8.6103079
41.1490119 -8.6101877
41.1490950 -8.6103107
41.1490922 -8.6103738
41.1483170 -8.6064201
41.1485462 -8.6072102
41.1486963 -8.6077278
41.1486810 -8.6077327
41.1485383 -8.6080805
41.1480498 -8.6091247
41.1487357 -8.6094028
41.1487418 -8.6093772
41.1487399 -8.6093543
41.1490312 -8.6101515
41.1491616 -8.6102790
41.1482691 -8.6094364
41.1488440 -8.6094669
41.1488437 -8.6094793
41.1486892 -8.6097129
41.1486862 -8.6097596
41.1490995 -8.6091638
41.1491134 -8.6091587
41.1487758 -8.6080000
41.1487619 -8.6079504
41.1487509 -8.6079536
41.1490512 -8.6101140
41.1501546 -8.6107867
41.1501236 -8.6105303
41.1487360 -8.6119024
41.1479652 -8.6115364
41.1491432 -8.6114851
41.1491712 -8.6115051
41.1492872 -8.6113766
41.1490984 -8.6112537
41.1487622 -8.6113004
41.1499828 -8.6116736
41.1488933 -8.6120890
41.1490016 -8.6120937
41.1490011 -8.6120836
41.1498530 -8.6115022
41.1499521 -8.6114334
41.1499914 -8.6113350
41.1503859 -8.6109525
41.1503726 -8.6109159
41.1500072 -8.6111813
41.1498617 -8.6112763
41.1498042 -8.6112965
41.1493328 -8.6113989
41.1492577 -8.6105967
41.1492608 -8.6106246
41.1493044 -8.6110170
41.1497291 -8.6110591
41.1496475 -8.6104243
41.1496660 -8.6103452
41.1496436 -8.6103443
41.1497708 -8.6111911
41.1497799 -8.6111895
41.1499730 -8.6110970
41.1503258 -8.6108164
41.1492509 -8.6101901
41.1492070 -8.6101989
41.1491570 -8.6097134
41.1491956 -8.6097056
41.1502780 -8.6104474
41.1496900 -8.6102817
41.1499005 -8.6103110
41.1502808 -8.6104328
41.1502052 -8.6094425
41.1502118 -8.6094468
41.1502543 -8.6095333
41.1505159 -8.6100614
41.1505820 -8.6101950
41.1491518 -8.6096630
41.1491599 -8.6092392
41.1491871 -8.6092258
41.1493800 -8.6094578
41.1493795 -8.6094868
41.1492134 -8.6102370
41.1492229 -8.6102566
41.1499154 -8.6101700
41.1503132 -8.6102773
41.1503133 -8.6102401
41.1494228 -8.6096597
41.1501039 -8.6094743
41.1501767 -8.6094598
41.1501822 -8.6095087
41.1501086 -8.6095233
41.1499375 -8.6094323
41.1499314 -8.6094041
41.1506088 -8.6096169
41.1505619 -8.6095937
41.1491098 -8.6082221
41.1482567 -8.6074719
41.1487056 -8.6077623
41.1486873 -8.6078350
41.1481692 -8.6082387
41.1485284 -8.6080580
41.1487152 -8.6079234
41.1488156 -8.6079793
41.1488544 -8.6078832
41.1495836 -8.6075237
41.1495949 -8.6075599
41.1500031 -8.6073120
41.1500855 -8.6073278
41.1501197 -8.6074723
41.1500990 -8.6074810
41.1487337 -8.6070451
41.1486308 -8.6071008
41.1485873 -8.6071886
41.1487479 -8.6077385
41.1488194 -8.6077669
41.1489226 -8.6077170
41.1489135 -8.6076755
41.1487590 -8.6070948
41.1498516 -8.6072342
41.1489317 -8.6076848
41.1498290 -8.6072193
41.1496319 -8.6065877
41.1495826 -8.6066128
41.1498023 -8.6064942
41.1497251 -8.6065319
41.1495225 -8.6066148
41.1497915 -8.6060337
41.1497575 -8.6058896
41.1483958 -8.6064046
41.1490640 -8.6045483
41.1479273 -8.6049579
41.1485125 -8.6047231
41.1494686 -8.6045778
41.1494536 -8.6045765
41.1492989 -8.6045915
41.1494592 -8.6046069
41.1494753 -8.6046086
41.1483376 -8.6062349
41.1496648 -8.6057469
41.1496755 -8.6057889
41.1493225 -8.6039740
41.1493003 -8.6040156
41.1493046 -8.6040503
41.1493429 -8.6039791
41.1488500 -8.6031068
41.1487863 -8.6040021
41.1487922 -8.6039699
41.1488491 -8.6031270
41.1490953 -8.6029262
41.1491185 -8.6029266
41.1472125 -8.6022043
41.1472339 -8.6022114
41.1484402 -8.6122504
41.1486323 -8.6124664
41.1486782 -8.6124444
41.1486741 -8.6124055
41.1486146 -8.6124069
41.1485625 -8.6124088
41.1485935 -8.6124850
41.1486870 -8.6124965
41.1485691 -8.6124967
41.1487787 -8.6127547
41.1489286 -8.6124243
41.1488655 -8.6123510
41.1488842 -8.6124364
41.1488690 -8.6127194
41.1490852 -8.6123854
41.1499253 -8.6129873
41.1500295 -8.6129916
41.1497284 -8.6125665
41.1498971 -8.6124712
41.1498920 -8.6124055
41.1497904 -8.6124527
41.1498607 -8.6124793
41.1498052 -8.6123372
41.1500914 -8.6128581
41.1499854 -8.6130935
41.1484156 -8.6131270
41.1487402 -8.6136635
41.1486933 -8.6132504
41.1486688 -8.6131852
41.1486105 -8.6130305
41.1488327 -8.6132987
41.1488200 -8.6135374
41.1491114 -8.6140712
41.1498102 -8.6138512
41.1498670 -8.6136051
41.1498700 -8.6135321
41.1483565 -8.6130332
41.1485124 -8.6143027
41.1485075 -8.6142724
41.1498006 -8.6143580
41.1496376 -8.6145300
41.1496349 -8.6145189
41.1488780 -8.6146894
41.1492220 -8.6145992
41.1485162 -8.6149528
41.1485150 -8.6149450
41.1484845 -8.6147494
41.1491051 -8.6141771
41.1491003 -8.6141423
41.1499385 -8.6136662
41.1499049 -8.6144791
41.1499100 -8.6144795
41.1491805 -8.6142668
41.1491846 -8.6142987
41.1496952 -8.6152403
41.1497051 -8.6151924
41.1495951 -8.6151012
41.1497369 -8.6152556
41.1495326 -8.6161591
41.1495226 -8.6160353
41.1491614 -8.6159339
41.1494339 -8.6160110
41.1493305 -8.6161298
41.1491562 -8.6160759
41.1493427 -8.6160508
41.1491526 -8.6159861
41.1491895 -8.6154378
41.1489484 -8.6151773
41.1482692 -8.6151441
41.1482419 -8.6151548
41.1482574 -8.6151487
41.1486953 -8.6151374
41.1485299 -8.6149333
41.1485032 -8.6149543
41.1492607 -8.6149239
41.1485063 -8.6149610
41.1492590 -8.6149144
41.1498996 -8.6147536
41.1487376 -8.6149856
41.1487378 -8.6149797
41.1488204 -8.6152143
41.1488163 -8.6152096
41.1486969 -8.6178674
41.1486902 -8.6178074
41.1486884 -8.6177908
41.1486536 -8.6174294
41.1491664 -8.6173744
41.1485088 -8.6164684
41.1482102 -8.6169118
41.1490033 -8.6167426
41.1491517 -8.6167440
41.1487631 -8.6154683
41.1488294 -8.6161867
41.1488034 -8.6162330
41.1481308 -8.6160473
41.1487204 -8.6162475
41.1569945 -8.6162616
41.1568928 -8.6158306
41.1569202 -8.6138295
41.1569338 -8.6164191
41.1576016 -8.6144636
41.1570715 -8.6154336
41.1570256 -8.6155362
41.1569818 -8.6162671
41.1569140 -8.6162985
41.1495793 -8.6173295
41.1495718 -8.6173860
41.1494285 -8.6173475
41.1494403 -8.6172930
41.1496319 -8.6169866
41.1497558 -8.6174852
41.1497178 -8.6171606
41.1493831 -8.6168403
41.1483183 -8.6180087
41.1489942 -8.6177556
41.1489690 -8.6163631
41.1491481 -8.6174852
41.1491628 -8.6174878
41.1472825 -8.6178638
41.1488317 -8.6180098
41.1488105 -8.6180124
41.1485792 -8.6183467
41.1485892 -8.6183713
41.1486004 -8.6183990
41.1488944 -8.6187405
41.1488287 -8.6186029
41.1488458 -8.6187517
41.1486432 -8.6186410
41.1486408 -8.6186159
41.1486421 -8.6186295
41.1488145 -8.6178665
41.1497102 -8.6180326
41.1495992 -8.6179296
41.1496729 -8.6179470
41.1495552 -8.6178608
41.1490044 -8.6178113
41.1491710 -8.6176050
41.1495184 -8.6176731
41.1498405 -8.6183477
41.1488317 -8.6188925
41.1480977 -8.6182322
41.1497880 -8.6185022
41.1499292 -8.6185563
41.1499201 -8.6185516
41.1497861 -8.6185243
41.1496860 -8.6189796
41.1496903 -8.6189349
41.1496085 -8.6189342
41.1497220 -8.6189351
41.1497248 -8.6189136
41.1496799 -8.6189112
41.1495931 -8.6189086
41.1495773 -8.6188021
41.1497600 -8.6186393
41.1496961 -8.6187073
41.1497520 -8.6187017
41.1496910 -8.6188214
41.1496981 -8.6187771
41.1497433 -8.6187691
41.1497351 -8.6188330
41.1496699 -8.6192586
41.1496254 -8.6192559
41.1496666 -8.6193168
41.1496422 -8.6195448
41.1495269 -8.6204446
41.1495283 -8.6206396
41.1484358 -8.6180127
41.1483843 -8.6196341
41.1483904 -8.6196448
41.1483527 -8.6196183
41.1487092 -8.6206842
41.1487176 -8.6197669
41.1483550 -8.6196958
41.1483444 -8.6196688
41.1486643 -8.6206340
41.1486580 -8.6206131
41.1494971 -8.6212649
41.1493939 -8.6212925
41.1483215 -8.6211602
41.1526012 -8.6098479
41.1520022 -8.6098578
41.1520027 -8.6098857
41.1520031 -8.6099143
41.1522405 -8.6099115
41.1527639 -8.6099044
41.1527634 -8.6098742
41.1527630 -8.6098475
41.1527618 -8.6097745
41.1527359 -8.6097651
41.1527096 -8.6097556
41.1527099 -8.6097830
41.1527101 -8.6098138
41.1526624 -8.6098470
41.1526456 -8.6098472
41.1482742 -8.6081345
41.1485024 -8.6079991
41.1487047 -8.6078921
41.1487614 -8.6078621
41.1479207 -8.6226649
41.1492890 -8.6208358
41.1492728 -8.6208727
41.1478489 -8.6226332
41.1489983 -8.6206908
41.1489218 -8.6206763
41.1489623 -8.6206841
41.1524145 -8.6192752
41.1532611 -8.6035241
41.1519148 -8.6040571
41.1502245 -8.6041872
41.1498473 -8.6041532
41.1487785 -8.6040451
41.1509525 -8.6036864
41.1510849 -8.6001310
41.1510638 -8.6004777
41.1510477 -8.6011373
41.1532765 -8.6024055
41.1551471 -8.6025741
41.1497183 -8.6220924
41.1502730 -8.6218527
41.1500852 -8.6218116
41.1500407 -8.6218019
41.1498530 -8.6212265
41.1501061 -8.6216659
41.1505246 -8.6214819
41.1504493 -8.6214647
41.1504231 -8.6214593
41.1504170 -8.6214808
41.1503709 -8.6214698
41.1505422 -8.6214218
41.1504593 -8.6214037
41.1504655 -8.6213655
41.1513420 -8.6153012
41.1513373 -8.6152873
41.1513213 -8.6152402
41.1539241 -8.6142240
41.1495150 -8.6032733
41.1494844 -8.6032645
41.1497250 -8.6053856
41.1497391 -8.6053792
41.1504019 -8.6050736
41.1504156 -8.6050647
41.1504315 -8.6050573
41.1508039 -8.6048748
41.1505040 -8.6054989
41.1527067 -8.6084873
41.1522291 -8.6089764
41.1503047 -8.6202603
41.1505867 -8.6203221
41.1500278 -8.6199010
41.1508519 -8.6197064
41.1507237 -8.6196107
41.1507938 -8.6196630
41.1504888 -8.6194402
41.1510280 -8.6190884
41.1500860 -8.6187181
41.1502446 -8.6187950
41.1508331 -8.6195040
41.1512633 -8.6185331
41.1512593 -8.6185484
41.1507102 -8.6182329
41.1511617 -8.6180623
41.1513252 -8.6178279
41.1494823 -8.6208039
41.1494822 -8.6207920
41.1498052 -8.6164007
41.1503343 -8.6153520
41.1509128 -8.6155702
41.1506681 -8.6149802
41.1513207 -8.6150363
41.1512302 -8.6150444
41.1513050 -8.6152008
41.1510464 -8.6147855
41.1510375 -8.6149030
41.1510488 -8.6148969
41.1510575 -8.6147941
41.1513488 -8.6144206
41.1513986 -8.6142657
41.1511199 -8.6143193
41.1511856 -8.6145020
41.1501282 -8.6147540
41.1501348 -8.6147261
41.1504594 -8.6144897
41.1509271 -8.6144825
41.1518768 -8.6134861
41.1518808 -8.6135638
41.1505000 -8.6131928
41.1505191 -8.6132333
41.1506203 -8.6131704
41.1505774 -8.6131509
41.1508796 -8.6139787
41.1505568 -8.6132813
41.1506515 -8.6132196
41.1508104 -8.6133792
41.1517581 -8.6132223
41.1517094 -8.6134107
41.1517137 -8.6135575
41.1516061 -8.6135343
41.1516086 -8.6135897
41.1515339 -8.6135575
41.1515339 -8.6135897
41.1514794 -8.6135602
41.1511461 -8.6137802
41.1517219 -8.6123426
41.1518652 -8.6132848
41.1510437 -8.6130133
41.1498324 -8.6129406
41.1499268 -8.6129406
41.1500548 -8.6128366
41.1501021 -8.6126521
41.1500936 -8.6126508
41.1507601 -8.6142506
41.1515702 -8.6143941
41.1515629 -8.6143884
41.1507907 -8.6143005
41.1507696 -8.6142453
41.1503062 -8.6130005
41.1517229 -8.6138122
41.1517214 -8.6137920
41.1502812 -8.6131053
41.1502846 -8.6131032
41.1521989 -8.6131112
41.1526466 -8.6133891
41.1526455 -8.6133113
41.1526469 -8.6134047
41.1528500 -8.6132024
41.1530406 -8.6124422
41.1533476 -8.6129277
41.1515603 -8.6148585
41.1515403 -8.6149811
41.1515496 -8.6149239
41.1517927 -8.6149830
41.1517848 -8.6149290
41.1514752 -8.6153744
41.1514876 -8.6153145
41.1514812 -8.6153454
41.1513942 -8.6154663
41.1513923 -8.6154765
41.1514581 -8.6157262
41.1515474 -8.6157236
41.1514599 -8.6157687
41.1512590 -8.6158462
41.1513731 -8.6154691
41.1514149 -8.6154868
41.1518216 -8.6147229
41.1525185 -8.6145124
41.1523990 -8.6144419
41.1523445 -8.6144440
41.1522369 -8.6144481
41.1522389 -8.6145071
41.1525519 -8.6147244
41.1522156 -8.6146700
41.1525600 -8.6146386
41.1522248 -8.6145930
41.1521795 -8.6144320
41.1521581 -8.6140512
41.1521642 -8.6141772
41.1523136 -8.6140539
41.1519622 -8.6141290
41.1520248 -8.6141209
41.1520329 -8.6142336
41.1520051 -8.6142483
41.1519626 -8.6142005
41.1518996 -8.6142041
41.1519057 -8.6141290
41.1526453 -8.6139050
41.1514722 -8.6153410
41.1522939 -8.6157060
41.1518489 -8.6156451
41.1524386 -8.6156577
41.1519204 -8.6156550
41.1524062 -8.6163351
41.1524819 -8.6163461
41.1524139 -8.6162321
41.1523990 -8.6164316
41.1521560 -8.6168974
41.1525277 -8.6171142
41.1524831 -8.6170882
41.1521012 -8.6168065
41.1525190 -8.6164609
41.1525113 -8.6173325
41.1508923 -8.6169929
41.1509367 -8.6165738
41.1508842 -8.6167910
41.1508644 -8.6168829
41.1508499 -8.6169520
41.1510271 -8.6169614
41.1490101 -8.6150919
41.1498945 -8.6148474
41.1499764 -8.6148474
41.1511057 -8.6153284
41.1510963 -8.6153366
41.1514734 -8.6176508
41.1514673 -8.6153730
41.1515807 -8.6171849
41.1518686 -8.6169018
41.1520268 -8.6174950
41.1520514 -8.6174358
41.1519656 -8.6173401
41.1519298 -8.6174288
41.1522894 -8.6176801
41.1518006 -8.6173771
41.1521520 -8.6175969
41.1512437 -8.6171531
41.1519207 -8.6174514
41.1496083 -8.6229145
41.1498156 -8.6209462
41.1498127 -8.6209923
41.1500841 -8.6178280
41.1498347 -8.6208913
41.1498361 -8.6208748
41.1499858 -8.6209814
41.1499804 -8.6210270
41.1491879 -8.6154443
41.1507080 -8.6118356
41.1507565 -8.6116720
41.1507585 -8.6116183
41.1507383 -8.6116183
41.1507366 -8.6115411
41.1507141 -8.6115419
41.1511483 -8.6117739
41.1480215 -8.6121356
41.1487723 -8.6121211
41.1487516 -8.6120981
41.1503505 -8.6116304
41.1503423 -8.6116280
41.1482136 -8.6121857
41.1533280 -8.6119237
41.1532917 -8.6119241
41.1532574 -8.6119245
41.1535450 -8.6116539
41.1535444 -8.6115623
41.1534010 -8.6119229
41.1533627 -8.6119233
41.1530757 -8.6104437
41.1504654 -8.6111243
41.1504827 -8.6110480
41.1504401 -8.6109068
41.1504572 -8.6111209
41.1502182 -8.6124469
41.1530858 -8.6120760
41.1530870 -8.6120902
41.1502250 -8.6124504
41.1503830 -8.6117826
41.1503734 -8.6117782
41.1527977 -8.6117602
41.1527884 -8.6117719
41.1507281 -8.6110504
41.1507336 -8.6109468
41.1505309 -8.6110688
41.1511331 -8.6107615
41.1519081 -8.6102940
41.1521728 -8.6107406
41.1521600 -8.6107466
41.1516142 -8.6104806
41.1514913 -8.6105701
41.1511999 -8.6107822
41.1511583 -8.6108150
41.1523119 -8.6108387
41.1523247 -8.6108286
41.1534088 -8.6111498
41.1535186 -8.6111488
41.1507847 -8.6105616
41.1507435 -8.6105982
41.1507383 -8.6104677
41.1508312 -8.6106555
41.1508403 -8.6106721
41.1507293 -8.6104495
41.1503758 -8.6107839
41.1503470 -8.6104443
41.1504293 -8.6090729
41.1504394 -8.6090756
41.1505525 -8.6095798
41.1505781 -8.6096176
41.1505396 -8.6100170
41.1505325 -8.6100237
41.1504784 -8.6100944
41.1504556 -8.6101145
41.1507410 -8.6100545
41.1507352 -8.6099644
41.1504668 -8.6090571
41.1500716 -8.6094011
41.1504371 -8.6089159
41.1504422 -8.6088808
41.1501696 -8.6076889
41.1500690 -8.6093737
41.1508615 -8.6099234
41.1508581 -8.6098726
41.1509792 -8.6097525
41.1512520 -8.6095059
41.1513065 -8.6094573
41.1514033 -8.6093148
41.1514386 -8.6093955
41.1514512 -8.6094243
41.1513601 -8.6095027
41.1513456 -8.6095151
41.1507014 -8.6096156
41.1506890 -8.6095619
41.1506816 -8.6095297
41.1506806 -8.6095255
41.1506925 -8.6095080
41.1506987 -8.6095320
41.1507105 -8.6095776
41.1507173 -8.6096039
41.1508077 -8.6093286
41.1506843 -8.6095025
41.1507879 -8.6098861
41.1509563 -8.6096866
41.1510175 -8.6096734
41.1512074 -8.6093734
41.1506653 -8.6102678
41.1507899 -8.6101518
41.1513927 -8.6096150
41.1514428 -8.6095781
41.1518039 -8.6100369
41.1513524 -8.6104617
41.1509199 -8.6107764
41.1509160 -8.6107654
41.1513429 -8.6104423
41.1515972 -8.6097832
41.1506918 -8.6103175
41.1506779 -8.6102914
41.1505704 -8.6088910
41.1506303 -8.6088514
41.1510657 -8.6085634
41.1510736 -8.6085794
41.1506335 -8.6088602
41.1526450 -8.6097840
41.1526618 -8.6097837
41.1526650 -8.6097837
41.1526646 -8.6097367
41.1520768 -8.6094888
41.1520440 -8.6090646
41.1511553 -8.6085616
41.1511400 -8.6085275
41.1519473 -8.6098824
41.1519853 -8.6099142
41.1522388 -8.6089781
41.1522217 -8.6089750
41.1516823 -8.6085976
41.1517166 -8.6087881
41.1526389 -8.6081762
41.1525266 -8.6081943
41.1511874 -8.6085093
41.1533902 -8.6088457
41.1533901 -8.6090048
41.1534089 -8.6090048
41.1520268 -8.6100305
41.1519165 -8.6099482
41.1518583 -8.6099940
41.1519432 -8.6100523
41.1533886 -8.6086427
41.1534082 -8.6086429
41.1534096 -8.6088228
41.1534078 -8.6085998
41.1533882 -8.6086029
41.1499897 -8.6209479
41.1499960 -8.6212612
41.1499334 -8.6217346
41.1515400 -8.6078928
41.1522943 -8.6070856
41.1522902 -8.6070799
41.1522855 -8.6070735
41.1522237 -8.6070897
41.1522125 -8.6070485
41.1522775 -8.6071188
41.1523004 -8.6071075
41.1522312 -8.6070863
41.1522203 -8.6070452
41.1522349 -8.6070847
41.1522238 -8.6070437
41.1522269 -8.6070883
41.1522164 -8.6070469
41.1522968 -8.6070944
41.1522990 -8.6071025
41.1522793 -8.6071247
41.1523021 -8.6071136
41.1504042 -8.6076215
41.1510076 -8.6073146
41.1509025 -8.6069440
41.1508836 -8.6069460
41.1503989 -8.6076031
41.1504253 -8.6077111
41.1502674 -8.6077719
41.1502454 -8.6076626
41.1501604 -8.6072979
41.1502081 -8.6071560
41.1508795 -8.6068568
41.1509003 -8.6068892
41.1503956 -8.6082828
41.1503829 -8.6082877
41.1505074 -8.6088414
41.1505498 -8.6088292
41.1510573 -8.6084891
41.1510532 -8.6084739
41.1511691 -8.6084371
41.1524071 -8.6081201
41.1524059 -8.6081076
41.1511666 -8.6074643
41.1511732 -8.6074923
41.1515359 -8.6069361
41.1515782 -8.6070886
41.1512354 -8.6074347
41.1522469 -8.6069915
41.1523014 -8.6070211
41.1525682 -8.6080342
41.1525209 -8.6081008
41.1520420 -8.6071214
41.1520005 -8.6071391
41.1510454 -8.6068434
41.1510211 -8.6068568
41.1511300 -8.6072464
41.1512087 -8.6072954
41.1515382 -8.6071277
41.1521586 -8.6065052
41.1521693 -8.6065006
41.1521032 -8.6061775
41.1520292 -8.6061430
41.1510806 -8.6066900
41.1510191 -8.6068353
41.1516081 -8.6070762
41.1516118 -8.6070957
41.1522167 -8.6068371
41.1519670 -8.6069266
41.1523828 -8.6067394
41.1524122 -8.6068534
41.1524866 -8.6073858
41.1523549 -8.6068821
41.1523447 -8.6068497
41.1523593 -8.6067831
41.1530150 -8.6064175
41.1533640 -8.6077225
41.1533835 -8.6077242
41.1529844 -8.6063752
41.1533613 -8.6065283
41.1524552 -8.6065936
41.1524550 -8.6066050
41.1524520 -8.6066720
41.1524722 -8.6066523
41.1525351 -8.6068608
41.1527599 -8.6060956
41.1527630 -8.6061099
41.1523354 -8.6066825
41.1521743 -8.6061903
41.1521843 -8.6061837
41.1529644 -8.6060296
41.1529011 -8.6060294
41.1529640 -8.6060535
41.1532640 -8.6053700
41.1533406 -8.6053052
41.1534529 -8.6051793
41.1532343 -8.6060440
41.1531650 -8.6060129
41.1534173 -8.6063338
41.1534248 -8.6060944
41.1521640 -8.6061495
41.1521954 -8.6060310
41.1529395 -8.6056809
41.1527065 -8.6058187
41.1523470 -8.6068867
41.1534465 -8.6065261
41.1534167 -8.6064072
41.1534134 -8.6064571
41.1526409 -8.6080661
41.1526265 -8.6080088
41.1523685 -8.6069853
41.1532070 -8.6052917
41.1521795 -8.6059605
41.1521085 -8.6059199
41.1520026 -8.6055056
41.1520147 -8.6054975
41.1533409 -8.6053250
41.1528361 -8.6048360
41.1519942 -8.6054732
41.1520068 -8.6054668
41.1510234 -8.6057515
41.1510240 -8.6057814
41.1518292 -8.6060744
41.1519041 -8.6055084
41.1519182 -8.6055040
41.1520465 -8.6059484
41.1520009 -8.6060540
41.1518409 -8.6061131
41.1510705 -8.6065995
41.1510114 -8.6065504
41.1509952 -8.6057815
41.1509947 -8.6057550
41.1510094 -8.6053861
41.1509100 -8.6058963
41.1509240 -8.6058999
41.1509291 -8.6062378
41.1509499 -8.6065516
41.1508472 -8.6067228
41.1506576 -8.6067882
41.1501820 -8.6070695
41.1500962 -8.6070319
41.1500040 -8.6066312
41.1500252 -8.6066342
41.1506510 -8.6067678
41.1509161 -8.6062431
41.1509127 -8.6054288
41.1498684 -8.6057822
41.1498334 -8.6058609
41.1498909 -8.6061205
41.1499083 -8.6061132
41.1497465 -8.6054131
41.1497322 -8.6054186
41.1497919 -8.6056806
41.1498546 -8.6057250
41.1509082 -8.6053401
41.1504058 -8.6050943
41.1504090 -8.6051113
41.1497441 -8.6054019
41.1508897 -8.6048350
41.1503946 -8.6050371
41.1497349 -8.6053600
41.1497345 -8.6053390
41.1497402 -8.6051339
41.1495759 -8.6047010
41.1495692 -8.6046701
41.1495089 -8.6043934
41.1495181 -8.6043898
41.1495784 -8.6046665
41.1495851 -8.6046971
41.1497067 -8.6049792
41.1546516 -8.6044129
41.1527712 -8.6045246
41.1531998 -8.6045836
41.1532013 -8.6046960
41.1531267 -8.6046990
41.1530579 -8.6047018
41.1527543 -8.6044736
41.1527732 -8.6044951
41.1523579 -8.6044569
41.1523341 -8.6045717
41.1523195 -8.6044595
41.1534669 -8.6063516
41.1533416 -8.6053689
41.1534544 -8.6053647
41.1572141 -8.6179566
41.1557746 -8.6162647
41.1565336 -8.6162173
41.1567234 -8.6160759
41.1577303 -8.6170063
41.1577149 -8.6169353
41.1583076 -8.6171269
41.1582384 -8.6174026
41.1575482 -8.6161501
41.1590927 -8.6172786
41.1581316 -8.6196529
41.1581141 -8.6190086
41.1581114 -8.6185273
41.1580896 -8.6196554
41.1501021 -8.6129317
41.1530227 -8.6181556
41.1531451 -8.6176276
41.1505211 -8.6147220
41.1505202 -8.6147110
41.1508053 -8.6145399
41.1508132 -8.6145346
41.1500033 -8.6132202
41.1500212 -8.6130955
41.1501172 -8.6128738
41.1501435 -8.6131000
41.1501435 -8.6131309
41.1500095 -8.6132199
41.1507342 -8.6143169
41.1508026 -8.6005250
41.1507577 -8.6001910
41.1515562 -8.6000332
41.1504236 -8.6002559
41.1502146 -8.6002980
41.1494046 -8.6004404
41.1501079 -8.6037973
41.1502070 -8.6038684
41.1501973 -8.6038979
41.1507567 -8.6043002
41.1507600 -8.6042812
41.1502213 -8.6042563
41.1493609 -8.6024801
41.1493002 -8.6024723
41.1493093 -8.6024735
41.1493123 -8.6023869
41.1492598 -8.6023822
41.1492597 -8.6024684
41.1491975 -8.6023767
41.1491955 -8.6024622
41.1496296 -8.6022097
41.1496477 -8.6022111
41.1496700 -8.6022129
41.1496184 -8.6033906
41.1495954 -8.6033742
41.1495113 -8.6033504
41.1495045 -8.6033553
41.1493951 -8.6033266
41.1493871 -8.6033333
41.1492985 -8.6033136
41.1492972 -8.6033275
41.1496513 -8.6040894
41.1494887 -8.6032451
41.1494925 -8.6032284
41.1495279 -8.6032079
41.1495226 -8.6032353
41.1495189 -8.6032539
41.1495624 -8.6032468
41.1490938 -8.6024793
41.1491045 -8.6024568
41.1493740 -8.6021729
41.1493727 -8.6021897
41.1508352 -8.6023016
41.1508357 -8.6022844
41.1530429 -8.6027715
41.1529534 -8.6027731
41.1529557 -8.6026491
41.1530436 -8.6026550
41.1531092 -8.6027698
41.1531072 -8.6031292
41.1531434 -8.6033067
41.1531139 -8.6032161
41.1531100 -8.6032040
41.1530971 -8.6033304
41.1517460 -8.6045036
41.1511184 -8.6057814
41.1511796 -8.6057780
41.1512279 -8.6057753
41.1518636 -8.6061881
41.1519017 -8.6066672
41.1532942 -8.6046922
41.1518752 -8.6049678
41.1518702 -8.6049472
41.1510035 -8.6052986
41.1508278 -8.6062682
41.1516725 -8.6066043
41.1501114 -8.6062442
41.1498658 -8.6061311
41.1505550 -8.6064469
41.1506833 -8.6068677
41.1493931 -8.6049195
41.1480187 -8.6040021
41.1497333 -8.6057020
41.1497109 -8.6057747
41.1481665 -8.6051915
41.1481697 -8.6052026
41.1488365 -8.6033114
41.1488311 -8.6033915
41.1488086 -8.6037470
41.1488066 -8.6037966
41.1559710 -8.6209680
41.1483178 -8.6063294
41.1497183 -8.6058067
41.1502576 -8.6130005
41.1499642 -8.6146546
41.1499743 -8.6147257
41.1567573 -8.6179097
41.1536335 -8.6078102
41.1535842 -8.6078299
41.1535398 -8.6078576
41.1534988 -8.6078699
41.1534131 -8.6078661
41.1497768 -8.6068673
41.1497665 -8.6069148
41.1498249 -8.6070355
41.1560506 -8.6018935
41.1557971 -8.6018646
41.1558350 -8.6020691
41.1559079 -8.6024617
41.1536200 -8.6100624
41.1542404 -8.6100412
41.1500698 -8.6070404
41.1501986 -8.6071279
41.1508603 -8.6067727
41.1487278 -8.6077497
41.1485636 -8.6072003
41.1488375 -8.6078242
41.1499838 -8.6072398
41.1487529 -8.6009268
41.1578348 -8.6001740
41.1579656 -8.6001279
41.1494559 -8.5991889
41.1495212 -8.5993619
41.1497732 -8.5988337
41.1497293 -8.5985607
41.1494670 -8.5987328
41.1492688 -8.5988812
41.1555352 -8.6084236
41.1556228 -8.6087191
41.1566457 -8.6127956
41.1535881 -8.6079339
41.1552482 -8.6057057
41.1553220 -8.6056193
41.1570815 -8.6112673
41.1565610 -8.6125222
41.1555317 -8.6126060
41.1534507 -8.5989075
41.1555429 -8.5987415
41.1554614 -8.5990426
41.1544577 -8.5988236
41.1569555 -8.6005585
41.1556405 -8.6025880
41.1566305 -8.6021632
41.1490981 -8.6111985
41.1490979 -8.6111368
41.1492150 -8.6110390
41.1491683 -8.6106402
41.1490283 -8.6106040
41.1490134 -8.6105476
41.1489972 -8.6104866
41.1507652 -8.6101027
41.1504375 -8.6107923
41.1519343 -8.6099156
41.1519485 -8.6102521
41.1498562 -8.6064486
41.1497319 -8.6058643
41.1497757 -8.6058849
41.1497511 -8.6058713
41.1487950 -8.6079898
41.1542027 -8.5964784
41.1489305 -8.5988614
41.1555768 -8.6218805
41.1542134 -8.6131715
41.1493864 -8.6000286
41.1493965 -8.5999379
41.1494034 -8.5995136
41.1504221 -8.6001537
41.1504099 -8.6001377
41.1504978 -8.6000249
41.1489140 -8.6016977
41.1493240 -8.6016109
41.1589920 -8.6117077
41.1501293 -8.5984682
41.1500336 -8.5986126
41.1497332 -8.5990482
41.1496050 -8.5992408
41.1550662 -8.5989250
41.1554498 -8.5992383
41.1554550 -8.5993095
41.1501338 -8.5993831
41.1508750 -8.5988303
41.1506215 -8.5982747
41.1551049 -8.6126267
41.1552964 -8.6126179
41.1554527 -8.6126104
41.1536293 -8.6120732
41.1550649 -8.6120449
41.1570347 -8.6012254
41.1570519 -8.6015184
41.1486417 -8.5988125
41.1486961 -8.5988450
41.1484719 -8.5987128
41.1485289 -8.5987451
41.1485931 -8.5987835
41.1487226 -8.5987497
41.1486965 -8.5988120
41.1488304 -8.5988347
41.1489188 -8.5989045
41.1486893 -8.5987234
41.1487308 -8.5987252
41.1487029 -8.5987902
41.1487720 -8.5988435
41.1486663 -8.5987619
41.1489031 -8.5989418
41.1489814 -8.5987433
41.1488523 -8.5986432
41.1536959 -8.6120630
41.1566137 -8.6021006
41.1566260 -8.6018986
41.1565416 -8.6019138
41.1566682 -8.6018181
41.1567289 -8.6017690
41.1566981 -8.6017889
41.1546459 -8.6121326
41.1585858 -8.6128906
41.1533286 -8.5985887
41.1534463 -8.6048543
41.1497634 -8.6056921
41.1498051 -8.6058734
41.1519611 -8.6187507
41.1520788 -8.6182226
41.1517570 -8.6183101
41.1519812 -8.6182031
41.1519348 -8.6183855
41.1514021 -8.6192088
41.1515687 -8.6190752
41.1512378 -8.6198336
41.1514579 -8.6197695
41.1518874 -8.6194933
41.1518296 -8.6207830
41.1519096 -8.6206508
41.1519250 -8.6206870
41.1519415 -8.6207260
41.1519314 -8.6207334
41.1519909 -8.6206562
41.1523518 -8.6203076
41.1523304 -8.6203114
41.1521780 -8.6203456
41.1519841 -8.6203892
41.1519631 -8.6203321
41.1521436 -8.6202922
41.1523286 -8.6202514
41.1523394 -8.6203832
41.1521872 -8.6204163
41.1523684 -8.6204451
41.1520338 -8.6205268
41.1520300 -8.6205036
41.1520084 -8.6204595
41.1523760 -8.6205088
41.1522397 -8.6205390
41.1521971 -8.6205485
41.1521375 -8.6205617
41.1520749 -8.6205756
41.1520400 -8.6205834
41.1520980 -8.6207446
41.1520312 -8.6206079
41.1521597 -8.6207163
41.1523893 -8.6206039
41.1523624 -8.6206122
41.1523445 -8.6206177
41.1523370 -8.6205613
41.1523347 -8.6205441
41.1523795 -8.6205343
41.1522640 -8.6205794
41.1522446 -8.6205842
41.1522176 -8.6206928
41.1522714 -8.6206329
41.1523643 -8.6206273
41.1523751 -8.6206923
41.1518961 -8.6206240
41.1516415 -8.6206760
41.1510882 -8.6203761
41.1512080 -8.6204354
41.1512300 -8.6203816
41.1511008 -8.6203196
41.1512511 -8.6203232
41.1511159 -8.6202593
41.1511199 -8.6201983
41.1512721 -8.6202699
41.1511435 -8.6201356
41.1512912 -8.6202241
41.1513081 -8.6201830
41.1510221 -8.6209048
41.1510422 -8.6208336
41.1510914 -8.6206327
41.1511247 -8.6206489
41.1511487 -8.6205890
41.1510466 -8.6205420
41.1510644 -8.6204697
41.1511748 -8.6205206
41.1511786 -8.6205108
41.1512673 -8.6205730
41.1512812 -8.6205387
41.1513990 -8.6202487
41.1513438 -8.6208384
41.1513701 -8.6205575
41.1513354 -8.6209069
41.1516788 -8.6209281
41.1516942 -8.6207685
41.1517188 -8.6209835
41.1517336 -8.6208376
41.1517134 -8.6210260
41.1517389 -8.6208933
41.1517402 -8.6210305
41.1506629 -8.6215018
41.1509654 -8.6218603
41.1510611 -8.6219313
41.1511502 -8.6214870
41.1511277 -8.6217418
41.1511149 -8.6218866
41.1511738 -8.6217503
41.1513808 -8.6215223
41.1515787 -8.6218722
41.1519539 -8.6214123
41.1521443 -8.6215015
41.1520391 -8.6213423
41.1520719 -8.6213077
41.1521769 -8.6214648
41.1521062 -8.6212716
41.1523014 -8.6213863
41.1523838 -8.6213708
41.1523647 -8.6211412
41.1524217 -8.6211242
41.1524071 -8.6210592
41.1524606 -8.6213587
41.1524832 -8.6218025
41.1531530 -8.6194627
41.1523753 -8.6186183
41.1531610 -8.6198765
41.1527511 -8.6203288
41.1528987 -8.6206920
41.1530197 -8.6206523
41.1528866 -8.6207040
41.1530208 -8.6207169
41.1531326 -8.6207701
41.1531352 -8.6206702
41.1525911 -8.6185067
41.1528724 -8.6185628
41.1528608 -8.6186260
41.1530322 -8.6183731
41.1530686 -8.6183862
41.1530096 -8.6186711
41.1531043 -8.6183990
41.1532086 -8.6187359
41.1532143 -8.6187070
41.1532968 -8.6184683
41.1533443 -8.6187809
41.1533529 -8.6187321
41.1534412 -8.6188140
41.1535611 -8.6192479
41.1544566 -8.6193463
41.1550138 -8.6193509
41.1550038 -8.6194116
41.1549925 -8.6194806
41.1550997 -8.6195288
41.1551037 -8.6195986
41.1548430 -8.6203186
41.1548425 -8.6202110
41.1548748 -8.6202387
41.1548329 -8.6201112
41.1549010 -8.6201634
41.1548375 -8.6200102
41.1549297 -8.6200902
41.1549659 -8.6200028
41.1548982 -8.6199509
41.1549901 -8.6199458
41.1549427 -8.6199109
41.1533682 -8.6204731
41.1536785 -8.6206665
41.1539317 -8.6209432
41.1540656 -8.6206246
41.1540633 -8.6204449
41.1540729 -8.6209301
41.1542938 -8.6206993
41.1543116 -8.6205644
41.1545150 -8.6206631
41.1543367 -8.6209058
41.1546552 -8.6202833
41.1553607 -8.6200806
41.1553300 -8.6203663
41.1552280 -8.6198317
41.1530187 -8.6208709
41.1531816 -8.6209365
41.1532957 -8.6207863
41.1539135 -8.6221812
41.1528215 -8.6225257
41.1528772 -8.6214401
41.1529126 -8.6214355
41.1528680 -8.6212988
41.1529039 -8.6212948
41.1528603 -8.6211768
41.1528963 -8.6211737
41.1528006 -8.6211831
41.1549723 -8.6217235
41.1554489 -8.6214902
41.1548514 -8.6220524
41.1543047 -8.6032467
41.1542775 -8.6031212
41.1541684 -8.6035668
41.1543922 -8.6040864
41.1545414 -8.6042328
41.1546709 -8.6041774
41.1476730 -8.6202590
41.1480782 -8.6181363
41.1544215 -8.6120238
41.1548721 -8.6120117
41.1536971 -8.6119597
41.1573831 -8.6123830
41.1574847 -8.6121876
41.1576288 -8.6117624
41.1577091 -8.6118126
41.1577624 -8.6121336
41.1576777 -8.6116230
41.1576504 -8.6114588
41.1576204 -8.6112778
41.1582575 -8.6114662
41.1576199 -8.6117167
41.1574158 -8.6115195
41.1573357 -8.6113870
41.1583228 -8.6118538
41.1582863 -8.6116284
41.1551931 -8.6058412
41.1536451 -8.6118429
41.1535561 -8.6181721
41.1533051 -8.6180999
41.1532987 -8.6181140
41.1541529 -8.6182913
41.1542709 -8.6184696
41.1542977 -8.6183528
41.1543393 -8.6185245
41.1543719 -8.6183829
41.1544037 -8.6185498
41.1544128 -8.6185221
41.1544375 -8.6184103
41.1545028 -8.6185572
41.1545970 -8.6181306
41.1545573 -8.6185788
41.1546459 -8.6181678
41.1545984 -8.6185945
41.1532506 -8.6183283
41.1548935 -8.6187577
41.1547963 -8.6187932
41.1548187 -8.6186989
41.1547788 -8.6187124
41.1549172 -8.6185259
41.1547490 -8.6185855
41.1548518 -8.6184730
41.1548005 -8.6181821
41.1549846 -8.6181204
41.1547849 -8.6178906
41.1546862 -8.6179285
41.1545921 -8.6179649
41.1544799 -8.6174803
41.1546495 -8.6172816
41.1544559 -8.6171995
41.1544087 -8.6169843
41.1547550 -8.6168694
41.1544115 -8.6172167
41.1529513 -8.6176732
41.1530415 -8.6171548
41.1527538 -8.6171135
41.1527470 -8.6172706
41.1528049 -8.6172856
41.1527307 -8.6174156
41.1528397 -8.6169986
41.1534207 -8.6170819
41.1528454 -8.6169016
41.1534300 -8.6169860
41.1526499 -8.6166311
41.1544193 -8.6159030
41.1540846 -8.6160083
41.1543998 -8.6157957
41.1544394 -8.6151488
41.1542156 -8.6151990
41.1541239 -8.6152264
41.1541272 -8.6152452
41.1542306 -8.6152777
41.1542195 -8.6152167
41.1539956 -8.6150696
41.1537250 -8.6147101
41.1540511 -8.6143073
41.1542716 -8.6142343
41.1540470 -8.6142846
41.1537624 -8.6136818
41.1537747 -8.6138765
41.1537951 -8.6140878
41.1536808 -8.6138870
41.1526833 -8.6162413
41.1530101 -8.6143268
41.1529707 -8.6143343
41.1529818 -8.6139289
41.1530599 -8.6143202
41.1530279 -8.6138420
41.1530817 -8.6138318
41.1531124 -8.6143137
41.1530618 -8.6145034
41.1529791 -8.6145067
41.1530994 -8.6146571
41.1529666 -8.6146567
41.1532382 -8.6146581
41.1533685 -8.6146599
41.1529629 -8.6147257
41.1531945 -8.6138492
41.1529516 -8.6028771
41.1529072 -8.6028771
41.1529092 -8.6026464
41.1528546 -8.6028775
41.1528547 -8.6026437
41.1527156 -8.6027403
41.1527182 -8.6026677
41.1527997 -8.6034489
41.1528476 -8.6033214
41.1528739 -8.6034185
41.1529280 -8.6033952
41.1529009 -8.6032972
41.1529776 -8.6033737
41.1529456 -8.6032764
41.1525478 -8.6031277
41.1525467 -8.6032722
41.1523853 -8.6032766
41.1523978 -8.6028128
41.1523982 -8.6027977
41.1524034 -8.6026283
41.1522492 -8.6027919
41.1523301 -8.6026254
41.1523271 -8.6027949
41.1512081 -8.6027828
41.1515011 -8.6028013
41.1511688 -8.6029140
41.1513173 -8.6029196
41.1513702 -8.6029216
41.1513146 -8.6030541
41.1513698 -8.6034931
41.1534404 -8.6026921
41.1534778 -8.6026925
41.1535698 -8.6030526
41.1534389 -8.6028881
41.1535202 -8.6028896
41.1534393 -8.6028259
41.1535206 -8.6028267
41.1534395 -8.6027593
41.1535208 -8.6027609
41.1541760 -8.6167027
41.1544066 -8.6049281
41.1542254 -8.6053272
41.1539130 -8.6051851
41.1536208 -8.6052208
41.1536206 -8.6051853
41.1538457 -8.6051860
41.1538499 -8.6053566
41.1537963 -8.6053573
41.1537979 -8.6055322
41.1539807 -8.6054856
41.1544860 -8.6057041
41.1544682 -8.6055903
41.1545320 -8.6056877
41.1545142 -8.6055760
41.1545470 -8.6051579
41.1546112 -8.6051432
41.1545888 -8.6049783
41.1546672 -8.6050647
41.1546559 -8.6049736
41.1545582 -8.6058380
41.1547506 -8.6050364
41.1547322 -8.6049541
41.1549131 -8.6055180
41.1547625 -8.6056753
41.1497415 -8.6049662
41.1496994 -8.6047731
41.1478426 -8.6109422
41.1487177 -8.6106718
41.1488270 -8.6106307
41.1512179 -8.6073432
41.1510744 -8.6066521
41.1520153 -8.6060991
41.1533855 -8.6064989
41.1541715 -8.6097537
41.1578694 -8.6094482
41.1490528 -8.6106991
41.1488759 -8.6110073
41.1488515 -8.6107859
41.1486747 -8.6109488
41.1490962 -8.6110279
41.1491809 -8.6110358
41.1481791 -8.6110530
41.1491391 -8.6106620
41.1488533 -8.6112095
41.1492871 -8.6112107
41.1515917 -8.6003999
41.1498584 -8.6039274
41.1530066 -8.6060039
41.1534645 -8.6061011
41.1535462 -8.6060983
41.1536086 -8.6061038
41.1542672 -8.6133006
41.1537734 -8.5965355
41.1587787 -8.6111641
41.1588505 -8.6117013
41.1577742 -8.6120124
41.1583425 -8.6116134
41.1583344 -8.6115719
41.1582172 -8.6116057
41.1577324 -8.6117413
41.1488947 -8.5989481
41.1488739 -8.6002605
41.1491424 -8.5998818
41.1500618 -8.5986920
41.1498038 -8.5988725
41.1490241 -8.5986345
41.1534170 -8.6063781
41.1588228 -8.6106784
41.1498260 -8.6058239
41.1498327 -8.6059711
41.1498028 -8.6058475
41.1498271 -8.6064719
41.1498254 -8.6060500
41.1497121 -8.6065721
41.1542500 -8.6121180
41.1544310 -8.6121134
41.1546267 -8.6121089
41.1479515 -8.6121592
41.1493674 -8.6229257
41.1534161 -8.6079570
41.1533840 -8.6082710
41.1509088 -8.6047921
41.1543177 -8.6000707
41.1536379 -8.6061726
41.1499256 -8.6130440
41.1499544 -8.6130912
41.1520220 -8.6072218
41.1520909 -8.6071893
41.1521813 -8.6071041
41.1558220 -8.6055277
41.1493213 -8.6106201
41.1493621 -8.6109988
41.1496958 -8.6105923
41.1494355 -8.6106116
41.1497305 -8.6108827
41.1494878 -8.6109592
41.1497173 -8.6107723
41.1497091 -8.6107034
41.1496286 -8.6107583
41.1496959 -8.6107061
41.1497037 -8.6107753
41.1495499 -8.6107738
41.1495317 -8.6107774
41.1496929 -8.6106796
41.1519586 -8.6098481
41.1527372 -8.6098745
41.1521969 -8.6092575
41.1527367 -8.6098144
41.1526621 -8.6098146
41.1520237 -8.6096502
41.1518970 -8.6099797
41.1507919 -8.6108045
41.1507251 -8.6106093
41.1506208 -8.6103665
41.1504399 -8.6104396
41.1504662 -8.6107704
41.1504366 -8.6107716
3206
1 2 1
2 3 1
4 5 1
5 6 1
7 8 1
8 9 1
10 11 1
11 12 1
12 13 1
14 15 1
15 16 1
16 17 1
18 19 1
19 20 1
20 21 1
21 22 1
15 23 1
24 25 1
26 27 1
28 29 1
29 30 1
31 32 1
32 33 1
33 34 1
35 36 1
36 37 1
37 38 1
39 40 1
40 41 1
41 42 1
42 43 1
43 44 1
44 45 1
45 46 1
46 47 1
47 48 1
48 49 1
49 50 1
50 51 1
51 52 1
52 53 1
53 54 1
55 56 1
56 57 1
57 58 1
58 59 1
59 60 1
60 61 1
62 63 1
63 64 1
65 66 1
66 67 1
67 68 1
69 70 1
70 71 1
72 73 1
73 74 1
64 75 1
76 77 1
78 79 1
79 80 1
81 82 1
82 83 1
84 85 1
85 34 1
86 87 1
34 88 1
88 89 1
89 90 1
90 91 1
91 92 1
93 94 1
94 76 1
76 71 1
71 95 1
95 96 1
96 97 1
97 98 1
98 99 1
99 100 1
101 102 1
103 101 1
101 104 1
105 106 1
106 107 1
107 108 1
54 110 1
110 111 1
111 112 1
113 78 1
78 114 1
114 115 1
116 117 1
118 119 1
119 120 1
120 57 1
121 122 1
123 25 1
124 125 1
126 127 1
127 26 1
128 129 1
129 130 1
131 132 1
132 133 1
131 134 1
135 136 1
6 137 1
137 138 1
138 139 1
140 141 1
141 142 1
143 144 1
144 145 1
145 146 1
146 75 1
147 148 1
147 31 1
31 149 1
149 1 1
150 13 1
113 152 1
153 154 1
154 14 1
155 86 1
86 117 1
117 156 1
25 157 1
157 158 1
158 159 1
159 153 1
160 161 1
161 162 1
162 87 1
87 163 1
164 109 1
109 165 1
165 166 1
108 167 1
167 168 1
72 75 1
169 64 1
155 170 1
171 142 1
142 6 1
172 173 1
173 174 1
175 176 1
177 178 1
178 179 1
179 180 1
181 182 1
182 183 1
183 84 1
156 104 1
184 185 1
185 186 1
187 188 1
189 190 1
190 191 1
191 192 1
193 194 1
195 116 1
116 196 1
196 197 1
198 199 1
200 201 1
201 202 1
202 61 1
168 203 1
204 205 1
105 206 1
206 207 1
208 209 1
209 210 1
210 211 1
211 212 1
212 213 1
213 214 1
214 215 1
216 217 1
218 219 1
219 220 1
220 221 1
222 223 1
223 221 1
213 224 1
224 225 1
225 226 1
226 227 1
228 226 1
229 215 1
230 231 1
231 232 1
232 233 1
233 234 1
234 235 1
235 231 1
235 233 1
236 237 1
238 83 1
239 236 1
236 240 1
199 241 1
241 198 1
242 243 1
243 244 1
245 246 1
246 247 1
248 249 1
250 251 1
251 252 1
252 248 1
253 254 1
254 255 1
256 257 1
257 254 1
254 258 1
258 259 1
146 250 1
196 260 1
261 262 1
263 262 1
262 264 1
165 265 1
265 266 1
266 267 1
267 268 1
269 267 1
115 270 1
270 166 1
271 272 1
272 273 1
272 274 1
273 266 1
114 275 1
275 276 1
134 277 1
277 278 1
134 279 1
7 280 1
280 128 1
128 281 1
281 279 1
279 282 1
282 283 1
283 133 1
133 284 1
284 285 1
14 23 1
23 286 1
286 287 1
287 22 1
22 288 1
288 7 1
92 289 1
289 149 1
149 290 1
291 292 1
293 294 1
294 295 1
295 296 1
296 297 1
297 298 1
92 299 1
299 300 1
300 301 1
301 302 1
302 303 1
303 304 1
304 305 1
195 103 1
306 189 1
187 307 1
275 79 1
308 309 1
310 115 1
311 312 1
313 314 1
314 315 1
315 316 1
317 318 1
318 293 1
54 319 1
319 320 1
321 322 1
322 323 1
153 323 1
323 125 1
125 27 1
157 324 1
324 154 1
171 325 1
326 139 1
139 327 1
327 328 1
328 130 1
130 326 1
138 329 1
329 330 1
331 18 1
18 10 1
282 332 1
332 333 1
333 6 1
334 331 1
240 106 1
336 337 1
304 245 1
245 338 1
294 339 1
339 295 1
340 341 1
341 342 1
343 344 1
344 34 1
345 346 1
347 345 1
21 348 1
348 349 1
349 350 1
350 351 1
351 352 1
352 20 1
152 353 1
353 354 1
355 310 1
224 311 1
356 355 1
348 357 1
357 352 1
358 356 1
359 360 1
360 358 1
361 359 1
362 361 1
363 364 1
309 362 1
365 366 1
366 367 1
368 369 1
370 371 1
371 372 1
167 373 1
372 363 1
363 364 1
364 371 1
349 368 1
368 369 1
369 350 1
87 29 1
307 192 1
374 375 1
376 377 1
377 331 1
378 379 1
374 184 1
43 380 1
380 381 1
381 382 1
382 383 1
383 384 1
384 183 1
385 386 1
387 388 1
388 386 1
386 389 1
390 353 1
391 392 1
392 389 1
389 390 1
393 394 1
395 396 1
397 398 1
388 399 1
400 401 1
401 402 1
402 403 1
403 404 1
404 46 1
46 405 1
405 406 1
406 407 1
407 408 1
180 409 1
409 410 1
410 411 1
200 412 1
375 413 1
413 414 1
414 415 1
180 416 1
416 417 1
417 39 1
320 418 1
418 419 1
419 420 1
415 421 1
421 422 1
423 424 1
424 425 1
112 426 1
426 427 1
427 319 1
148 187 1
428 306 1
30 239 1
155 163 1
429 239 1
83 430 1
430 105 1
192 431 1
431 335 1
335 432 1
415 433 1
433 180 1
434 168 1
435 28 1
436 437 1
437 438 1
437 439 1
440 441 1
441 442 1
442 443 1
443 444 1
444 439 1
439 445 1
445 446 1
446 447 1
447 440 1
448 438 1
438 449 1
449 450 1
450 451 1
451 448 1
452 453 1
453 454 1
454 455 1
455 456 1
456 452 1
457 458 1
458 453 1
458 441 1
459 446 1
443 460 1
461 447 1
456 442 1
11 449 1
451 445 1
462 444 1
346 15 1
66 463 1
463 464 1
464 465 1
465 466 1
463 467 1
467 465 1
396 396 1
395 155 1
468 193 1
469 307 1
470 471 1
472 473 1
473 474 1
474 470 1
470 475 1
475 476 1
476 472 1
477 478 1
478 479 1
479 480 1
480 477 1
481 482 1
482 483 1
483 484 1
484 481 1
420 485 1
486 487 1
487 488 1
488 489 1
489 486 1
337 490 1
490 491 1
492 493 1
493 494 1
494 495 1
495 496 1
496 336 1
336 492 1
487 426 1
426 497 1
497 498 1
498 427 1
427 418 1
418 499 1
499 500 1
500 501 1
501 419 1
419 489 1
489 488 1
488 487 1
496 502 1
502 110 1
110 498 1
498 497 1
497 111 1
111 493 1
493 494 1
494 495 1
495 496 1
503 503 1
504 504 1
505 505 1
506 507 1
507 508 1
508 509 1
509 510 1
510 506 1
512 512 1
513 514 1
514 515 1
515 516 1
516 517 1
517 518 1
518 519 1
519 520 1
520 521 1
521 522 1
522 523 1
523 524 1
524 513 1
516 523 1
523 303 1
517 522 1
522 302 1
518 522 1
525 526 1
526 527 1
527 528 1
528 529 1
529 525 1
491 54 1
247 530 1
530 531 1
531 339 1
532 533 1
533 534 1
534 535 1
535 532 1
536 537 1
537 538 1
538 539 1
539 536 1
540 541 1
541 542 1
542 543 1
543 540 1
48 544 1
544 545 1
545 546 1
546 547 1
547 548 1
548 298 1
549 53 1
53 550 1
550 551 1
551 552 1
552 553 1
553 52 1
52 539 1
539 538 1
538 549 1
554 555 1
555 556 1
556 557 1
557 558 1
558 536 1
536 537 1
537 554 1
559 560 1
560 561 1
561 562 1
562 563 1
563 559 1
553 564 1
564 565 1
565 552 1
552 553 1
406 566 1
566 567 1
567 545 1
568 568 1
569 484 1
484 483 1
483 570 1
570 571 1
571 569 1
572 424 1
424 573 1
573 574 1
574 500 1
500 501 1
501 485 1
485 425 1
425 572 1
550 575 1
575 576 1
576 577 1
577 578 1
578 551 1
551 550 1
577 579 1
579 580 1
580 581 1
581 582 1
582 578 1
578 577 1
583 584 1
584 585 1
585 586 1
586 587 1
587 588 1
588 589 1
589 590 1
590 583 1
591 588 1
588 592 1
592 593 1
593 591 1
588 592 1
592 593 1
593 591 1
591 589 1
589 588 1
594 595 1
596 597 1
598 583 1
583 590 1
590 598 1
599 600 1
601 601 1
603 604 1
96 605 1
605 606 1
607 608 1
608 609 1
609 97 1
610 611 1
611 612 1
612 610 1
613 614 1
614 615 1
615 616 1
616 613 1
613 616 1
616 617 1
617 618 1
618 615 1
615 614 1
614 619 1
619 620 1
620 613 1
621 622 1
622 623 1
623 624 1
624 621 1
622 623 1
623 624 1
624 621 1
621 622 1
625 625 1
626 627 1
627 628 1
628 629 1
629 626 1
630 629 1
629 626 1
626 631 1
631 630 1
632 627 1
627 626 1
626 631 1
631 633 1
633 632 1
633 631 1
631 630 1
630 633 1
634 634 1
632 628 1
628 627 1
627 632 1
635 636 1
636 637 1
637 635 1
638 638 1
637 636 1
636 637 1
639 639 1
292 640 1
640 641 1
642 642 1
643 644 1
644 643 1
645 645 1
646 643 1
643 644 1
644 646 1
647 647 1
290 648 1
648 641 1
641 649 1
649 4 1
650 650 1
651 651 1
652 653 1
653 652 1
654 653 1
653 652 1
652 654 1
655 655 1
656 656 1
657 657 1
658 658 1
659 659 1
660 660 1
661 662 1
662 663 1
663 661 1
664 665 1
665 666 1
666 664 1
665 666 1
666 665 1
667 667 1
668 668 1
141 669 1
669 670 1
670 671 1
672 662 1
662 663 1
663 673 1
673 672 1
674 672 1
672 673 1
673 674 1
675 676 1
676 677 1
677 678 1
678 675 1
677 678 1
678 677 1
679 680 1
680 679 1
681 681 1
682 680 1
680 679 1
679 682 1
683 683 1
684 684 1
685 686 1
686 685 1
687 688 1
688 687 1
689 687 1
687 688 1
688 690 1
690 689 1
685 690 1
690 689 1
689 686 1
686 685 1
691 692 1
693 694 1
694 695 1
695 693 1
696 696 1
697 670 1
670 698 1
698 671 1
671 697 1
699 669 1
669 700 1
700 698 1
698 670 1
670 697 1
697 701 1
701 699 1
676 702 1
702 699 1
699 701 1
701 675 1
675 676 1
700 698 1
698 700 1
703 704 1
704 705 1
705 706 1
706 703 1
704 694 1
694 695 1
695 693 1
693 703 1
703 704 1
707 708 1
708 709 1
709 710 1
710 711 1
712 712 1
713 713 1
714 714 1
715 715 1
717 718 1
718 719 1
719 285 1
285 717 1
705 398 1
398 706 1
706 705 1
397 171 1
721 722 1
722 723 1
312 367 1
724 225 1
217 725 1
231 726 1
232 727 1
721 728 1
728 729 1
730 731 1
731 732 1
732 733 1
733 730 1
734 734 1
732 733 1
733 732 1
731 730 1
730 731 1
735 735 1
736 736 1
737 737 1
738 707 1
707 739 1
739 131 1
740 711 1
711 741 1
741 742 1
742 132 1
132 283 1
283 284 1
284 740 1
743 708 1
708 742 1
742 741 1
741 709 1
709 743 1
744 744 1
745 744 1
744 745 1
746 747 1
747 748 1
748 746 1
749 750 1
750 751 1
751 749 1
752 750 1
750 753 1
753 754 1
754 752 1
755 755 1
756 757 1
757 758 1
758 756 1
758 757 1
757 758 1
759 759 1
760 761 1
761 762 1
762 760 1
763 763 1
764 749 1
749 751 1
751 764 1
765 765 1
277 767 1
767 768 1
768 769 1
770 771 1
771 772 1
772 770 1
773 774 1
774 775 1
775 776 1
776 777 1
777 772 1
772 771 1
771 773 1
778 779 1
779 780 1
780 778 1
775 781 1
781 782 1
782 777 1
777 776 1
776 775 1
779 782 1
782 783 1
783 780 1
780 779 1
781 775 1
775 774 1
774 784 1
784 781 1
782 781 1
781 784 1
784 783 1
783 782 1
785 786 1
786 785 1
787 786 1
786 785 1
785 787 1
788 788 1
789 789 1
790 790 1
791 341 1
341 792 1
792 793 1
793 342 1
342 752 1
752 754 1
754 753 1
753 748 1
748 747 1
747 746 1
746 791 1
794 795 1
796 796 1
797 798 1
798 799 1
799 800 1
800 797 1
801 801 1
802 802 1
804 805 1
805 806 1
806 807 1
807 808 1
808 809 1
809 810 1
810 811 1
811 812 1
812 813 1
813 814 1
814 815 1
815 816 1
816 817 1
817 818 1
818 804 1
819 820 1
820 821 1
821 822 1
823 824 1
824 825 1
825 826 1
826 823 1
824 823 1
823 826 1
826 825 1
825 824 1
827 828 1
828 829 1
829 827 1
25 830 1
830 288 1
831 832 1
832 55 1
55 833 1
833 834 1
834 95 1
95 835 1
77 836 1
836 55 1
75 184 1
837 466 1
466 838 1
838 839 1
839 77 1
77 840 1
840 169 1
169 841 1
841 62 1
842 842 1
843 844 1
844 845 1
845 843 1
846 846 1
847 844 1
844 845 1
845 847 1
848 849 1
849 850 1
850 851 1
851 852 1
852 848 1
853 848 1
848 849 1
849 854 1
854 853 1
855 854 1
854 849 1
849 850 1
850 851 1
851 852 1
852 855 1
130 856 1
856 857 1
857 858 1
859 16 1
836 860 1
860 861 1
861 71 1
100 862 1
862 863 1
863 864 1
864 865 1
865 866 1
866 867 1
865 868 1
868 120 1
241 869 1
869 870 1
871 871 1
872 872 1
873 873 1
874 875 1
875 876 1
876 874 1
877 877 1
878 878 1
880 880 1
881 875 1
875 876 1
876 881 1
882 883 1
883 882 1
884 883 1
883 8 1
885 885 1
886 886 1
887 792 1
792 793 1
793 828 1
828 829 1
829 827 1
827 888 1
888 887 1
761 767 1
767 887 1
887 888 1
888 768 1
768 762 1
762 761 1
798 799 1
799 800 1
800 797 1
797 798 1
889 889 1
891 891 1
892 892 1
893 894 1
894 893 1
893 858 1
858 894 1
895 895 1
896 856 1
856 897 1
897 898 1
898 857 1
857 899 1
899 896 1
899 898 1
898 897 1
897 896 1
896 899 1
327 334 1
900 900 1
901 901 1
902 903 1
903 902 1
137 904 1
904 905 1
905 906 1
907 903 1
903 902 1
902 907 1
908 909 1
909 908 1
910 911 1
911 912 1
912 913 1
913 910 1
914 914 1
911 915 1
915 916 1
916 912 1
912 911 1
910 913 1
913 910 1
917 917 1
918 919 1
919 920 1
920 918 1
921 922 1
922 921 1
923 924 1
924 922 1
922 921 1
921 923 1
925 924 1
924 923 1
923 925 1
908 909 1
909 908 1
915 916 1
916 915 1
920 919 1
919 920 1
926 926 1
927 927 1
928 928 1
929 929 1
930 931 1
931 932 1
932 933 1
933 934 1
934 930 1
935 936 1
936 937 1
937 938 1
938 376 1
376 939 1
939 935 1
940 935 1
935 939 1
939 376 1
376 938 1
938 937 1
937 936 1
936 377 1
377 941 1
941 942 1
942 940 1
943 944 1
944 943 1
906 329 1
329 376 1
945 945 1
946 947 1
947 946 1
948 947 1
947 946 1
946 948 1
949 949 1
950 950 1
951 951 1
952 953 1
953 954 1
954 952 1
955 956 1
956 955 1
957 958 1
958 959 1
959 957 1
328 960 1
960 961 1
961 962 1
962 963 1
963 963 1
964 965 1
965 966 1
966 961 1
961 967 1
967 962 1
962 964 1
968 956 1
956 968 1
969 970 1
970 971 1
971 972 1
972 973 1
973 969 1
974 975 1
975 974 1
974 976 1
976 977 1
977 975 1
975 974 1
976 969 1
969 973 1
973 977 1
977 976 1
978 972 1
972 979 1
979 980 1
980 978 1
981 971 1
971 970 1
970 981 1
982 983 1
983 984 1
984 985 1
985 986 1
986 982 1
987 988 1
988 987 1
987 986 1
986 982 1
982 988 1
988 987 1
980 979 1
979 980 1
983 984 1
984 985 1
985 983 1
989 989 1
328 990 1
990 959 1
959 991 1
991 351 1
992 992 1
993 19 1
994 991 1
991 994 1
995 996 1
997 996 1
996 998 1
998 995 1
995 997 1
999 1000 1
1000 1001 1
1001 999 1
998 997 1
997 995 1
995 998 1
1002 1002 1
1003 1003 1
1004 1001 1
1001 1000 1
1000 1004 1
1005 1006 1
1006 1007 1
1007 1008 1
1008 1009 1
1009 1005 1
1007 1006 1
1006 1007 1
1010 1010 1
1008 1009 1
1009 1008 1
1011 1012 1
1012 333 1
333 1013 1
1013 1014 1
1014 1015 1
1015 332 1
332 1011 1
1016 280 1
280 965 1
965 966 1
966 961 1
961 967 1
967 957 1
957 1017 1
1017 960 1
960 129 1
129 1014 1
1014 1015 1
1015 281 1
281 1016 1
1018 1018 1
1019 1019 1
1020 1021 1
1021 1022 1
1022 1023 1
1023 1020 1
1024 1024 1
1025 1025 1
1026 1021 1
1021 1020 1
1020 1026 1
1027 1027 1
1028 1023 1
1023 1022 1
1022 1028 1
1029 1030 1
1030 1031 1
1031 1029 1
1032 1033 1
1033 1034 1
1034 1032 1
1030 1035 1
1035 1036 1
1036 1031 1
1031 1030 1
1037 692 1
692 1037 1
1017 990 1
990 952 1
952 954 1
954 953 1
953 958 1
958 959 1
959 957 1
957 1017 1
1038 1039 1
1039 1040 1
1040 1041 1
1041 1042 1
1042 1043 1
1043 1038 1
1038 1043 1
1043 1038 1
1039 1042 1
1042 1041 1
1041 1040 1
1040 1039 1
1044 1044 1
1045 1046 1
1046 1047 1
1047 1045 1
514 1048 1
1048 1049 1
1049 515 1
515 514 1
1050 933 1
933 934 1
934 1050 1
1051 1052 1
1052 1053 1
1053 1051 1
1054 1055 1
1055 1054 1
1056 1057 1
1057 1056 1
1058 1058 1
1059 1060 1
1060 1061 1
1061 520 1
520 519 1
519 1062 1
1062 1059 1
1063 1064 1
1064 1065 1
1065 1066 1
1066 1063 1
942 941 1
941 1064 1
1064 1065 1
1065 942 1
1067 1068 1
1068 1069 1
1069 1070 1
1070 1067 1
1071 1072 1
1072 91 1
1068 1073 1
1073 1072 1
1072 1074 1
1074 1075 1
1075 1076 1
1076 1077 1
1077 1078 1
1078 1079 1
1079 1080 1
1080 1081 1
1081 1071 1
1071 1067 1
1067 1068 1
89 1074 1
1074 1081 1
1079 1080 1
1080 1078 1
1078 1079 1
1070 1069 1
1069 1076 1
1076 1077 1
1077 1070 1
1056 1082 1
1082 1083 1
1083 1053 1
1053 1052 1
1052 1051 1
1051 1057 1
1057 1056 1
1084 1085 1
1086 1087 1
1088 1086 1
1086 1089 1
1089 1090 1
1090 1087 1
1087 1091 1
1091 1088 1
300 1092 1
1092 1093 1
1093 297 1
561 544 1
544 1094 1
1094 1095 1
1095 1096 1
1096 567 1
567 1097 1
1097 1098 1
1098 1099 1
1099 546 1
546 1100 1
1100 1101 1
1101 562 1
562 561 1
557 548 1
548 1102 1
1102 1103 1
1103 566 1
566 1104 1
1104 1094 1
1094 1095 1
1095 1096 1
1096 567 1
567 1097 1
1097 1098 1
1098 1099 1
1099 547 1
547 1100 1
1100 1101 1
1101 558 1
558 557 1
564 1105 1
1105 1106 1
1106 1107 1
1107 1108 1
1108 581 1
581 582 1
582 1109 1
1109 565 1
565 564 1
1110 1111 1
1111 1112 1
1112 1113 1
1113 1114 1
1114 1115 1
1115 1116 1
1116 1117 1
1117 1118 1
1118 1119 1
1119 1110 1
1120 1121 1
1121 1122 1
1122 1123 1
1123 1124 1
1124 1125 1
1125 1126 1
1126 1127 1
1127 1120 1
1128 1129 1
1129 1123 1
1123 1124 1
1124 1128 1
1111 1110 1
1110 1130 1
1130 1120 1
1120 1127 1
1127 1113 1
1113 1112 1
1112 1111 1
1131 1131 1
405 1122 1
1122 1125 1
1125 1132 1
405 1121 1
1121 1126 1
1126 1132 1
1133 1114 1
1114 1118 1
1118 182 1
1134 1135 1
1135 1136 1
1136 1137 1
1137 1138 1
1138 1139 1
1139 1140 1
1140 1141 1
1141 1142 1
1142 1143 1
1143 1144 1
1144 1145 1
1145 1134 1
1142 1139 1
1139 88 1
181 1137 1
1137 1143 1
1123 1146 1
1146 1147 1
1147 1148 1
1148 1149 1
1149 1150 1
1150 1129 1
1129 1123 1
807 806 1
806 805 1
805 804 1
804 393 1
393 1151 1
1151 1152 1
1152 1153 1
1153 1154 1
1154 1155 1
1155 1156 1
1156 1157 1
1157 1158 1
1158 381 1
381 1149 1
1149 1115 1
1115 1116 1
1116 1117 1
1117 384 1
384 1159 1
1159 1160 1
1160 807 1
812 1161 1
1161 870 1
870 1162 1
1162 814 1
814 813 1
813 812 1
1163 1164 1
1164 1163 1
1165 1166 1
1166 1167 1
1167 1158 1
1158 1157 1
1157 1165 1
1164 1163 1
1163 1164 1
870 1161 1
1161 869 1
869 1162 1
1162 870 1
1158 380 1
380 1148 1
1148 1149 1
1149 381 1
381 1158 1
1160 808 1
808 807 1
807 1160 1
1168 1169 1
1169 811 1
811 810 1
810 809 1
809 1170 1
1170 1168 1
1171 1172 1
1172 1173 1
1173 1174 1
1174 1171 1
190 1170 1
1170 1169 1
1175 1176 1
1176 191 1
1177 1176 1
1176 1178 1
1178 1179 1
1179 1177 1
343 306 1
1083 1082 1
1082 32 1
1033 1034 1
1034 1033 1
1036 1035 1
1035 1180 1
1181 1036 1
1182 1181 1
1187 1188 1
1189 1190 1
1191 1192 1
1193 1194 1
1195 1196 1
1199 1200 1
44 1147 1
1147 1150 1
1201 1202 1
1202 1203 1
1203 1204 1
1204 1205 1
1205 1201 1
1205 1201 1
1201 1206 1
1206 1207 1
1207 1208 1
1208 1209 1
1209 1210 1
1210 1211 1
1211 1212 1
1212 1203 1
1203 1204 1
1204 1205 1
1213 1214 1
1214 1215 1
1215 1216 1
1216 1217 1
1217 1218 1
1218 1213 1
1217 1219 1
1219 1220 1
1220 1221 1
1221 1218 1
1218 1217 1
1214 1207 1
1207 1206 1
1206 1222 1
1222 1223 1
1223 1213 1
1213 1214 1
1224 244 1
1225 1224 1
411 1225 1
1222 1226 1
1226 1227 1
1227 1228 1
1228 1229 1
1229 1230 1
1230 1220 1
1220 1221 1
1221 1200 1
1200 1190 1
1190 1198 1
1198 1197 1
1197 1184 1
1184 1185 1
1185 1186 1
1186 1194 1
1194 1192 1
1192 1196 1
1196 1188 1
1188 1231 1
1231 1232 1
1232 1223 1
1223 1222 1
1233 1234 1
1234 1235 1
1235 1236 1
1236 1237 1
1237 1233 1
1238 1239 1
1239 1240 1
1240 1241 1
1241 1242 1
1242 1243 1
1243 1234 1
1234 1233 1
1233 1238 1
1244 1245 1
1245 1246 1
1246 1239 1
1239 1238 1
1238 1247 1
1247 1244 1
1248 1249 1
1249 1250 1
1250 1251 1
1251 1252 1
1252 1253 1
1253 1248 1
1254 1255 1
1255 1256 1
1256 1254 1
1257 1258 1
1258 1257 1
178 1259 1
1259 1260 1
1260 1261 1
1248 1261 1
1261 1262 1
1262 1259 1
1259 1248 1
1263 1249 1
1264 1265 1
1265 1266 1
1266 1267 1
1267 1268 1
1268 1264 1
1269 1270 1
1271 1269 1
1269 1270 1
1270 1271 1
422 1272 1
1272 1273 1
1273 1274 1
1275 1276 1
1265 1277 1
1277 1278 1
1278 1275 1
1275 1264 1
1264 1265 1
1267 1279 1
1279 1280 1
1280 1281 1
1281 1282 1
1282 1268 1
1268 1267 1
1249 1251 1
1251 1283 1
1283 416 1
1284 1285 1
1285 1286 1
1286 1284 1
1261 1249 1
1287 1288 1
1288 1289 1
1289 1283 1
1283 1252 1
1252 1251 1
1251 1250 1
1250 1287 1
1290 1291 1
1291 1292 1
1292 1293 1
1293 1294 1
1294 1290 1
1295 1295 1
1296 1297 1
1297 1293 1
1293 1294 1
1294 1298 1
1298 1296 1
1299 1300 1
1300 1301 1
1301 1302 1
1302 1303 1
1303 1304 1
1304 1305 1
1305 1306 1
1306 1307 1
1307 1308 1
1308 1309 1
1309 1310 1
1310 1299 1
1303 1311 1
1311 1310 1
1310 1299 1
1299 1302 1
1302 1303 1
1312 1313 1
1313 1314 1
1314 1315 1
1315 1316 1
1316 1317 1
1317 1318 1
1318 1319 1
1319 1320 1
1320 1321 1
1321 1322 1
1322 1323 1
1323 1312 1
1313 1324 1
1324 1325 1
1325 1326 1
1326 1327 1
1327 1320 1
1320 1321 1
1321 1328 1
1328 1312 1
1312 1313 1
1329 1330 1
1330 1331 1
1331 1332 1
1332 868 1
868 1333 1
1333 866 1
866 864 1
864 1334 1
1334 1335 1
1335 1329 1
1329 1336 1
1336 1334 1
1334 1335 1
1335 1329 1
867 1337 1
1338 1339 1
1339 1340 1
1340 1338 1
1341 1340 1
1340 1339 1
1339 863 1
863 1336 1
1336 1329 1
1329 1330 1
1330 862 1
862 1342 1
1342 1343 1
1343 1344 1
1344 1345 1
1345 1346 1
1346 1347 1
1347 1348 1
1348 1341 1
99 1342 1
1342 1347 1
1346 1343 1
1343 98 1
1349 1349 1
1351 1352 1
1352 1353 1
1353 1354 1
1354 1351 1
1355 1355 1
1357 1358 1
1358 1359 1
1359 1357 1
74 1360 1
1361 1362 1
725 726 1
726 727 1
727 722 1
214 1363 1
1363 1363 1
1364 1365 1
227 1366 1
1366 1365 1
1365 1366 1
1367 1368 1
127 1373 1
1373 1374 1
1375 1374 1
215 345 1
357 996 1
769 766 1
49 560 1
560 563 1
1373 1376 1
56 1337 1
1377 135 1
286 1378 1
1378 287 1
1378 1379 1
1380 1381 1
1381 1382 1
1382 1383 1
1383 1380 1
1384 1385 1
1385 1377 1
1377 1386 1
1386 1063 1
1063 1066 1
1066 135 1
135 1387 1
1387 1388 1
1388 1389 1
1389 1384 1
1390 1382 1
1382 1383 1
1383 1390 1
1391 464 1
467 1392 1
67 1391 1
1391 838 1
831 840 1
840 113 1
113 839 1
152 391 1
391 1393 1
1393 837 1
837 1392 1
1392 65 1
65 1394 1
1394 1395 1
1395 1396 1
1397 1398 1
1398 1399 1
1399 1397 1
1398 1399 1
1399 1398 1
1400 1401 1
1401 1344 1
1344 1345 1
1345 1402 1
1402 1400 1
1403 1404 1
1404 1405 1
1405 1403 1
1405 1403 1
1403 1406 1
1406 1405 1
1407 1406 1
1406 1405 1
1405 1404 1
1404 1408 1
1408 1407 1
1409 1410 1
1410 1409 1
1409 1407 1
1407 1408 1
1408 1410 1
1410 1409 1
1411 1412 1
1412 1413 1
1413 1411 1
1414 1415 1
1415 1416 1
1416 1417 1
1417 1418 1
1418 1419 1
1419 1420 1
1420 1421 1
1421 1414 1
1422 1414 1
1414 1415 1
1415 1416 1
1416 1417 1
1417 1418 1
1418 1419 1
1419 1420 1
1420 1421 1
1421 1422 1
1415 1414 1
861 1423 1
1423 1424 1
1425 1426 1
1426 1427 1
1427 860 1
1428 1427 1
1427 1423 1
1423 1429 1
1429 1430 1
1430 1424 1
1424 1426 1
1426 1428 1
1429 1431 1
1431 1432 1
1432 1430 1
1430 1429 1
1433 1413 1
1413 1412 1
1412 1411 1
1411 1432 1
1432 1431 1
1431 1434 1
1434 1433 1
1434 1433 1
1433 1434 1
1435 1436 1
1436 1437 1
1437 1438 1
1438 1435 1
1439 1435 1
1435 1438 1
1438 1439 1
1440 1441 1
1441 1442 1
1442 1443 1
1443 1440 1
1444 1443 1
1443 1442 1
1442 1441 1
1441 1444 1
1445 1445 1
1358 1359 1
1359 1358 1
1402 833 1
1300 1309 1
1309 58 1
1446 1300 1
1446 1447 1
1447 1448 1
1448 1448 1
1301 1306 1
1306 1449 1
485 573 1
573 820 1
1109 1105 1
1105 50 1
1450 1247 1
1298 1297 1
1297 413 1
1451 1452 1
1452 1453 1
1453 1354 1
1354 1353 1
1353 1352 1
1352 1451 1
1452 1454 1
1454 1453 1
1453 1452 1
1323 1314 1
1314 59 1
1247 410 1
1323 1455 1
1456 243 1
1457 1328 1
1328 1327 1
1327 1458 1
1459 1322 1
1322 1317 1
1317 1460 1
1461 1461 1
1462 605 1
605 609 1
609 1463 1
1463 1464 1
1464 612 1
612 611 1
611 608 1
608 606 1
606 1462 1
1465 1466 1
1466 1465 1
1467 620 1
620 617 1
617 70 1
1468 1467 1
1469 1470 1
619 618 1
618 835 1
1470 619 1
223 1471 1
1471 125 1
316 1472 1
1472 1473 1
1473 118 1
330 1474 1
1475 1384 1
1384 1389 1
1389 905 1
905 1381 1
1381 1380 1
1380 904 1
904 1476 1
1476 1475 1
944 136 1
136 1387 1
1387 1388 1
1388 943 1
943 944 1
1477 215 1
325 718 1
718 285 1
1478 1479 1
1479 1480 1
1481 431 1
431 1482 1
841 63 1
1486 1487 1
1487 1488 1
1488 1489 1
27 222 1
1490 428 1
163 1491 1
469 468 1
163 28 1
313 1492 1
1492 400 1
400 1493 1
1493 1460 1
1460 1494 1
1494 61 1
822 1495 1
1495 1496 1
1496 316 1
26 124 1
124 14 1
822 1497 1
1497 1498 1
1498 400 1
94 1499 1
265 1500 1
1500 1501 1
1502 1503 1
1504 1505 1
1505 1506 1
1506 1507 1
1507 1502 1
1502 1504 1
1504 1505 1
260 261 1
261 1508 1
86 264 1
264 1509 1
1509 1508 1
1508 197 1
1510 107 1
197 170 1
170 249 1
249 1511 1
197 256 1
256 253 1
253 378 1
378 248 1
252 1512 1
1512 1513 1
250 1513 1
1513 72 1
198 40 1
199 1482 1
1514 162 1
162 156 1
156 102 1
102 195 1
237 1515 1
1515 1516 1
121 1517 1
1518 1519 1
276 270 1
274 1521 1
1521 308 1
62 1522 1
1522 1489 1
1489 1523 1
1523 151 1
151 271 1
271 268 1
510 1524 1
1524 1525 1
527 317 1
317 1526 1
526 318 1
318 1527 1
1528 1529 1
1529 1530 1
479 491 1
491 555 1
534 301 1
301 521 1
542 296 1
296 556 1
1135 1531 1
1531 1102 1
1103 407 1
407 1130 1
1532 299 1
299 1061 1
1136 181 1
181 1119 1
1138 85 1
85 1173 1
1172 1533 1
1533 1159 1
1534 33 1
33 1075 1
1174 344 1
524 2 1
2 509 1
579 1498 1
1209 401 1
401 580 1
1208 402 1
402 1108 1
1210 1493 1
1493 1318 1
1319 1492 1
1535 314 1
314 1536 1
1537 1538 1
1538 600 1
1332 1331 1
576 1497 1
1497 587 1
586 1495 1
1495 570 1
575 1539 1
1539 499 1
574 821 1
821 571 1
584 315 1
585 1496 1
1496 482 1
1540 1520 1
1520 122 1
176 1541 1
1541 35 1
1541 173 1
392 399 1
399 354 1
220 1542 1
1481 1480 1
450 459 1
459 1543 1
1396 1544 1
1544 1545 1
1545 1546 1
1546 175 1
1394 1547 1
1547 1548 1
1547 1549 1
1549 1548 1
1547 1395 1
1550 1551 1
1471 322 1
217 230 1
230 723 1
723 370 1
370 108 1
1552 82 1
1553 1554 1
1554 1555 1
1555 1556 1
1556 1503 1
122 1557 1
1558 1519 1
1558 1559 1
1560 1555 1
1562 1561 1
1563 1564 1
1565 1516 1
1564 1565 1
10 1566 1
1567 1563 1
1563 434 1
274 1568 1
1569 1568 1
1570 1571 1
1572 1573 1
1574 1570 1
1575 1576 1
1577 1578 1
1579 1575 1
1575 1577 1
1580 1581 1
1581 1576 1
1582 1581 1
1581 1583 1
1584 1582 1
1578 1584 1
1585 1578 1
1586 1585 1
1573 1574 1
1566 1587 1
1587 150 1
1588 1589 1
1588 1523 1
1589 1590 1
1589 1591 1
1592 1593 1
1593 1591 1
1507 174 1
1594 460 1
460 455 1
1510 237 1
237 30 1
30 1514 1
1596 185 1
1331 1598 1
1598 1463 1
1332 119 1
119 1325 1
1325 1326 1
1538 1536 1
1326 1599 1
1599 1537 1
1536 1473 1
1473 1464 1
1464 1463 1
1454 57 1
57 1324 1
1311 57 1
57 1333 1
366 724 1
724 729 1
728 365 1
1600 1601 1
1601 1600 1
1602 1603 1
1603 1604 1
1604 1602 1
1605 1605 1
1607 1607 1
1608 1608 1
1609 1609 1
1600 1604 1
1604 1603 1
1603 1601 1
1601 1600 1
1610 1611 1
1611 1612 1
1612 1613 1
1613 1614 1
1614 1610 1
1614 1615 1
1615 1612 1
1612 1613 1
1613 1614 1
1616 1617 1
1617 1618 1
1618 1619 1
1619 1620 1
1620 1621 1
1621 1622 1
1622 1616 1
1623 1624 1
1624 1618 1
1618 1617 1
1617 1623 1
1621 1622 1
1622 1621 1
1625 1626 1
1626 1627 1
1627 1628 1
1628 1624 1
1624 1623 1
1623 1625 1
1629 1630 1
1630 1631 1
1631 1632 1
1632 1633 1
1633 1634 1
1634 1626 1
1626 1625 1
1625 1629 1
1635 1633 1
1633 1634 1
1634 1636 1
1636 1635 1
1637 1632 1
1632 1633 1
1633 1635 1
1635 1637 1
1638 1639 1
1639 1640 1
1640 1641 1
1641 1642 1
1642 1643 1
1643 1638 1
1641 1644 1
1644 1645 1
1645 1630 1
1630 1629 1
1629 1643 1
1643 1642 1
1642 1641 1
1646 1631 1
1631 1632 1
1632 1637 1
1637 1646 1
1647 1644 1
1644 1645 1
1645 1630 1
1630 1631 1
1631 1646 1
1646 1647 1
1648 1639 1
1639 1640 1
1640 1641 1
1641 1644 1
1644 1647 1
1647 1648 1
1649 1648 1
1648 1639 1
1639 1638 1
1638 1649 1
1650 1620 1
1620 1619 1
1619 1628 1
1628 1627 1
1627 1626 1
1626 1634 1
1634 1636 1
1636 1615 1
1615 1612 1
1612 1611 1
1611 1650 1
1651 1651 1
1652 1653 1
1653 1654 1
1654 1655 1
1655 1652 1
1654 1656 1
1656 1657 1
1657 1655 1
1655 1654 1
1657 1658 1
1658 1659 1
1659 1656 1
1656 1657 1
1658 1660 1
1660 1661 1
1661 1659 1
1659 1658 1
1660 1662 1
1662 1661 1
1661 1660 1
1663 1664 1
1664 1663 1
1665 1666 1
1666 1667 1
1667 1668 1
1668 1665 1
1668 1669 1
1669 1670 1
1670 1667 1
1667 1668 1
1669 1652 1
1652 1653 1
1653 1671 1
1671 1670 1
1670 1669 1
1664 1666 1
1666 1665 1
1665 1664 1
1672 1673 1
1673 1674 1
1674 1662 1
1662 1661 1
1661 1659 1
1659 1656 1
1656 1654 1
1654 1653 1
1653 1671 1
1671 1672 1
1675 1676 1
1676 1673 1
1673 1672 1
1672 1675 1
1677 1675 1
1675 1676 1
1676 1677 1
1676 1674 1
1674 1673 1
1673 1676 1
1678 1679 1
1679 1678 1
1680 1681 1
1681 1679 1
1679 1678 1
1678 1680 1
1682 1680 1
1680 1681 1
1681 1683 1
1683 1684 1
1684 1682 1
1684 1683 1
1683 1684 1
1685 1685 1
1686 1686 1
1687 1688 1
1688 1689 1
1689 1690 1
1690 1687 1
1688 1689 1
1689 1691 1
1691 1688 1
1691 1690 1
1690 1689 1
1689 1691 1
1692 1692 1
1693 1693 1
1694 1695 1
1695 1696 1
1696 1694 1
1697 1698 1
1698 1695 1
1695 1696 1
1696 1697 1
1699 1698 1
1698 1697 1
1697 1699 1
1700 1701 1
1701 1702 1
1702 1703 1
1703 1704 1
1704 1700 1
1705 1701 1
1701 1702 1
1702 1703 1
1703 1704 1
1704 1705 1
1706 1706 1
1707 1707 1
1708 1708 1
1709 1709 1
1710 1710 1
1711 1712 1
1712 1711 1
1713 1711 1
1711 1712 1
1712 1714 1
1714 1713 1
1715 1716 1
1716 1714 1
1714 1715 1
1717 1717 1
1718 1719 1
1719 1718 1
1720 1721 1
1721 1722 1
1722 1719 1
1719 1718 1
1718 1720 1
1723 1721 1
1721 1722 1
1722 1724 1
1724 1725 1
1725 1723 1
1726 1725 1
1725 1724 1
1724 1727 1
1727 1728 1
1728 1726 1
1729 1728 1
1728 1727 1
1727 1729 1
1730 1729 1
1729 1730 1
1731 1731 1
1732 1733 1
1733 1734 1
1734 1732 1
1735 1734 1
1734 1733 1
1733 1735 1
1736 1734 1
1734 1735 1
1735 1736 1
1737 1738 1
1738 1739 1
1739 1737 1
1738 1740 1
1740 1741 1
1741 1739 1
1739 1738 1
1740 1742 1
1742 1743 1
1743 1741 1
1741 1740 1
1744 1745 1
1745 1742 1
1742 1743 1
1743 1744 1
1746 1747 1
1747 1745 1
1745 1744 1
1744 1746 1
1747 1746 1
1746 1747 1
1748 1748 1
1749 1749 1
1716 1715 1
1715 1716 1
1750 1751 1
1751 1752 1
1752 1750 1
1753 1754 1
1754 1755 1
1755 1752 1
1752 1751 1
1751 1753 1
1756 1755 1
1755 1754 1
1754 1756 1
1757 1757 1
1758 1758 1
1759 1759 1
1760 1760 1
1761 1761 1
1762 1762 1
1763 1763 1
1764 1764 1
1765 1765 1
1766 1766 1
1767 1768 1
1768 1767 1
1769 1770 1
1770 1768 1
1768 1767 1
1767 1769 1
1771 1772 1
1772 1770 1
1770 1769 1
1769 1771 1
1773 1772 1
1772 1771 1
1771 1773 1
1774 158 1
1775 159 1
219 1776 1
1777 1778 1
1780 1779 1
1779 1777 1
1783 795 1
795 278 1
278 1180 1
1180 9 1
9 24 1
84 1533 1
1533 343 1
1784 340 1
340 794 1
794 1783 1
435 1567 1
13 1785 1
1785 1786 1
1786 435 1
1566 147 1
1787 150 1
1788 1789 1
1789 1790 1
1790 1791 1
1791 1793 1
1793 1794 1
1794 1795 1
1793 1796 1
1793 1797 1
1797 1793 1
1790 1797 1
1798 1794 1
1799 1795 1
1800 1801 1
1801 1796 1
62 1488 1
1802 1802 1
1803 1787 1
1490 188 1
468 1490 1
189 468 1
403 412 1
1804 1805 1
1805 1806 1
1806 1804 1
1807 1807 1
1808 1809 1
1809 1808 1
1810 1811 1
1811 1809 1
1809 1808 1
1808 1810 1
1812 1813 1
1813 1814 1
1814 1811 1
1811 1810 1
1810 1812 1
1815 1816 1
1816 1814 1
1814 1813 1
1813 1815 1
1815 1817 1
1817 1818 1
1818 1816 1
1816 1815 1
1819 1818 1
1818 1817 1
1817 1819 1
1820 1805 1
1805 1806 1
1806 1820 1
1821 1822 1
1822 1821 1
1823 1824 1
1824 1822 1
1822 1821 1
1821 1823 1
1825 1826 1
1826 1824 1
1824 1823 1
1823 1825 1
1827 1826 1
1826 1825 1
1825 1827 1
1828 1829 1
1829 1828 1
1829 1830 1
1830 1831 1
1831 1828 1
1828 1829 1
1832 1830 1
1830 1831 1
1831 1832 1
1833 1833 1
1834 1834 1
1835 1836 1
1836 1837 1
1837 1835 1
1838 1837 1
1837 1836 1
1836 1838 1
1839 1839 1
1840 1841 1
1841 1842 1
1842 1843 1
1843 1840 1
1844 1842 1
1842 1843 1
1843 1844 1
1845 1846 1
1846 1840 1
1840 1841 1
1841 1845 1
1847 1848 1
1848 1846 1
1846 1845 1
1845 1847 1
1847 1848 1
1848 1847 1
1849 1849 1
1850 1851 1
1851 1850 1
1852 1851 1
1851 1850 1
1850 1852 1
1853 1854 1
1854 1855 1
1855 1856 1
1856 1857 1
1857 1858 1
1858 1853 1
1859 1854 1
1854 1855 1
1855 1856 1
1856 1859 1
1860 1861 1
1861 1862 1
1862 1860 1
1863 1861 1
1861 1862 1
1862 1863 1
1864 1865 1
1865 1866 1
1866 1864 1
1867 1866 1
1866 1865 1
1865 1867 1
1868 1868 1
1869 1870 1
1870 1871 1
1871 1869 1
1869 1872 1
1872 1873 1
1873 1871 1
1871 1869 1
1874 1875 1
1875 1872 1
1872 1873 1
1873 1874 1
1876 1877 1
1877 1870 1
1870 1869 1
1869 1872 1
1872 1876 1
1878 1879 1
1879 1877 1
1877 1876 1
1876 1878 1
1880 1881 1
1881 1880 1
1882 1881 1
1881 1880 1
1880 1878 1
1878 1879 1
1879 1882 1
1883 1875 1
1875 1874 1
1874 1883 1
1884 1885 1
1885 1886 1
1886 1437 1
1437 1436 1
1436 1884 1
1885 1887 1
1887 1888 1
1888 1886 1
1886 1885 1
1887 1889 1
1889 1890 1
1890 1888 1
1888 1887 1
1891 1892 1
1892 1893 1
1893 1891 1
1894 1895 1
1895 1892 1
1892 1893 1
1893 1894 1
1896 1897 1
1897 1895 1
1895 1894 1
1894 1896 1
1897 1896 1
1896 1897 1
1889 1890 1
1890 1889 1
1898 1899 1
1899 1898 1
1900 1898 1
1898 1899 1
1899 1900 1
1901 1902 1
1902 1903 1
1903 1901 1
1904 1905 1
1905 1906 1
1906 1904 1
1906 1905 1
1905 1903 1
1903 1902 1
1902 1906 1
1907 1908 1
1908 1907 1
1909 1910 1
1910 1911 1
1911 1908 1
1908 1907 1
1907 1909 1
1912 1911 1
1911 1910 1
1910 1912 1
1913 1913 1
1914 1915 1
1915 1914 1
1916 1916 1
1917 1918 1
1918 1917 1
1919 1920 1
1920 1918 1
1918 1917 1
1917 1919 1
1921 1922 1
1922 1920 1
1920 1919 1
1919 1921 1
1921 1914 1
1914 1915 1
1915 1922 1
1922 1921 1
1923 1923 1
1924 1924 1
1925 1925 1
1926 1926 1
1927 1928 1
1928 1929 1
1929 1930 1
1930 1931 1
1931 1927 1
1932 1933 1
1933 1930 1
1930 1931 1
1931 1932 1
1933 1932 1
1932 1933 1
1928 1929 1
1929 1928 1
1934 1935 1
1935 1934 1
1936 1937 1
1937 1935 1
1935 1934 1
1934 1936 1
1938 1939 1
1939 1940 1
1940 1938 1
1939 1941 1
1941 1942 1
1942 1940 1
1940 1939 1
1943 1937 1
1937 1936 1
1936 1943 1
1944 1945 1
1945 1942 1
1942 1941 1
1941 1944 1
1945 1944 1
1944 1945 1
1946 1946 1
1947 1947 1
285 719 1
57 375 1
1948 1348 1
1949 1948 1
1948 1949 1
1272 1361 1
1950 1951 1
434 203 1
17 10 1
1952 1529 1
1529 293 1
1274 1597 1
1597 374 1
411 1953 1
1953 200 1
61 1954 1
1954 1449 1
1449 1955 1
1955 415 1
432 1956 1
1956 177 1
74 1479 1
1479 1511 1
1511 469 1
1260 1262 1
298 1531 1
1531 408 1
408 181 1
1858 1857 1
1857 1853 1
1853 1858 1
100 1598 1
1598 118 1
118 1599 1
1599 1458 1
1458 313 1
194 1490 1
1491 1957 1
205 1958 1
1958 161 1
1959 1528 1
1960 1961 1
1962 1960 1
1960 1963 1
1963 1964 1
1964 1526 1
1965 1962 1
480 1530 1
1530 473 1
473 474 1
474 471 1
471 475 1
475 476 1
476 477 1
477 480 1
1962 1961 1
1961 1959 1
1959 1966 1
1966 1527 1
508 1046 1
1046 1047 1
1047 507 1
507 508 1
305 3 1
3 338 1
338 1968 1
1968 317 1
1393 1969 1
834 1970 1
320 1539 1
1539 822 1
1270 1282 1
1269 1971 1
1971 1276 1
1972 1278 1
1278 1275 1
1972 1973 1
1973 1974 1
1971 1281 1
221 321 1
321 153 1
203 461 1
461 1975 1
1975 17 1
1976 1517 1
1517 152 1
1557 1518 1
1977 1794 1
1978 1800 1
1800 1979 1
1980 1981 1
1982 1801 1
1801 1980 1
1983 1982 1
1979 1983 1
1792 1789 1
1791 1792 1
1541 1984 1
36 1985 1
1985 37 1
1985 1986 1
1986 1546 1
1545 1986 1
1504 1988 1
1988 1554 1
1989 173 1
1984 1571 1
1570 1579 1
1951 1952 1
1360 1972 1
1972 1362 1
1360 1990 1
1990 177 1
1362 186 1
1362 1274 1
186 1973 1
1973 74 1
148 1085 1
188 1803 1
1085 428 1
193 1957 1
1957 395 1
1491 194 1
166 1559 1
1559 80 1
80 152 1
238 430 1
240 238 1
429 1514 1
1991 429 1
1993 1994 1
596 1995 1
1995 1996 1
1996 1993 1
594 1995 1
595 1997 1
1997 1535 1
599 1996 1
1994 1992 1
1367 211 1
1543 1975 1
1587 12 1
12 1998 1
1998 436 1
462 1999 1
1999 1998 1
1785 1999 1
1999 2000 1
2000 1786 1
1594 2000 1
273 308 1
1521 273 1
2001 1 1
432 1360 1
38 1499 1
1499 1550 1
1550 68 1
68 76 1
176 174 1
1503 175 1
64 1778 1
1778 831 1
1396 38 1
1968 1524 1
1524 1967 1
168 373 1
373 1364 1
1364 228 1
228 347 1
347 346 1
346 26 1
2002 278 1
2003 1482 1
1482 1256 1
1256 1255 1
1255 2003 1
2004 1179 1
1179 1178 1
1178 2004 1
1013 1476 1
1476 702 1
702 1012 1
2005 1401 1
1401 1400 1
1400 2005 1
1062 1049 1
1049 1048 1
1048 1059 1
1059 1062 1
2006 79 1
1219 42 1
42 1167 1
2007 73 1
73 1478 1
1974 2007 1
1285 1990 1
1990 1277 1
1258 1956 1
1956 1286 1
1236 1953 1
1953 1226 1
1228 417 1
417 1289 1
1266 179 1
179 1253 1
1240 433 1
433 1279 1
1304 414 1
414 1292 1
1291 421 1
421 1280 1
1305 1955 1
1955 1241 1
1307 1954 1
1954 1242 1
1315 60 1
60 1308 1
1316 1494 1
1494 1211 1
1212 202 1
202 1243 1
1216 45 1
45 1146 1
1106 47 1
47 1104 1
1107 404 1
404 1215 1
1230 41 1
41 1166 1
1229 39 1
39 1288 1
1227 409 1
409 1246 1
1235 201 1
201 1202 1
1245 1237 1
2008 640 1
640 931 1
2009 649 1
649 1385 1
932 648 1
648 1386 1
2010 2011 1
2012 2011 1
1232 2010 1
2010 1231 1
2013 251 1
259 2013 1
258 379 1
1997 597 1
293 491 1
478 490 1
490 502 1
2014 2015 1
2016 2017 1
2017 2014 1
2014 526 1
2018 2019 1
2019 2015 1
2015 527 1
533 246 1
246 528 1
528 2018 1
2018 2020 1
2020 2021 1
2021 2016 1
2016 529 1
529 531 1
531 541 1
1964 1966 1
1963 1525 1
2022 2023 1
2023 2021 1
2020 2024 1
2024 2022 1
2022 2025 1
2017 2026 1
2026 2019 1
2025 2026 1
2027 2023 1
2023 2024 1
2024 2026 1
2026 2027 1
1156 382 1
806 2028 1
2029 806 1
2031 813 1
813 2030 1
2030 870 1
816 2031 1
2031 2029 1
2029 810 1
2032 816 1
394 2032 1
818 817 1
817 2032 1
2032 1152 1
1152 1151 1
1151 394 1
394 818 1
815 814 1
814 1154 1
1154 1153 1
1153 815 1
1116 383 1
383 2033 1
2033 393 1
1155 2033 1
2033 2028 1
2028 1159 1
2034 1174 1
1173 2034 1
2034 1172 1
90 2035 1
2036 1087 1
2035 2036 1
2036 2037 1
2038 2039 1
1145 2037 1
2037 2038 1
2038 1093 1
1093 543 1
2040 1092 1
1092 535 1
1140 2035 1
2035 2039 1
2039 2040 1
2040 1532 1
1060 289 1
289 1073 1
1091 1144 1
1144 1088 1
1088 1091 1
1089 1141 1
1141 1090 1
1090 1089 1
