0
520
41.0084807 -8.6381199
41.0084871 -8.6386742
41.0084890 -8.6389278
41.0124718 -8.6354534
41.0117183 -8.6383148
41.0116962 -8.6389073
41.0116982 -8.6397858
41.0116851 -8.6407246
41.0116691 -8.6414592
41.0116612 -8.6429740
41.0116571 -8.6436909
41.0116526 -8.6439889
41.0085969 -8.6440190
41.0093200 -8.6435256
41.0094313 -8.6434727
41.0110352 -8.6439869
41.0110400 -8.6436484
41.0110467 -8.6429689
41.0110515 -8.6419757
41.0110543 -8.6414062
41.0110549 -8.6407353
41.0110665 -8.6401054
41.0094030 -8.6389390
41.0103480 -8.6389200
41.0114980 -8.6388998
41.0123822 -8.6389474
41.0130133 -8.6389368
41.0130123 -8.6390550
41.0130059 -8.6398123
41.0130018 -8.6407064
41.0129967 -8.6415564
41.0129920 -8.6429931
41.0129849 -8.6437153
41.0129889 -8.6439667
41.0141098 -8.6432685
41.0122998 -8.6439801
41.0122030 -8.6439814
41.0104229 -8.6439832
41.0098050 -8.6440214
41.0123076 -8.6429866
41.0123353 -8.6415012
41.0123428 -8.6407070
41.0123617 -8.6397953
41.0123833 -8.6385183
41.0122214 -8.6384860
41.0120134 -8.6374667
41.0136858 -8.6415883
41.0136806 -8.6428575
41.0133313 -8.6429981
41.0106314 -8.6427773
41.0104380 -8.6432610
41.0100141 -8.6429938
41.0005905 -8.6415329
41.0012057 -8.6415342
41.0022269 -8.6415059
41.0031029 -8.6414946
41.0039685 -8.6414756
41.0046845 -8.6414576
41.0053373 -8.6414498
41.0059542 -8.6414357
41.0066251 -8.6414216
41.0072192 -8.6414120
41.0081515 -8.6413959
41.0085044 -8.6413956
41.0094171 -8.6413858
41.0106191 -8.6413648
41.0085262 -8.6440178
41.0085124 -8.6429303
41.0085087 -8.6423121
41.0085013 -8.6407610
41.0084943 -8.6398618
41.0097864 -8.6449437
41.0097850 -8.6457825
41.0093987 -8.6345680
41.0093871 -8.6352143
41.0072225 -8.6454163
41.0072218 -8.6449797
41.0072211 -8.6445350
41.0072145 -8.6441689
41.0072123 -8.6440435
41.0072152 -8.6432535
41.0072147 -8.6429551
41.0072176 -8.6422999
41.0072172 -8.6407815
41.0072151 -8.6402211
41.0072137 -8.6398320
41.0072135 -8.6396929
41.0072126 -8.6391214
41.0072090 -8.6380993
41.0066140 -8.6398473
41.0066177 -8.6407843
41.0066278 -8.6423048
41.0066261 -8.6429697
41.0066289 -8.6432774
41.0066161 -8.6440339
41.0059661 -8.6440477
41.0059612 -8.6432964
41.0059569 -8.6429883
41.0059536 -8.6423178
41.0059482 -8.6408023
41.0059383 -8.6398530
41.0059372 -8.6390926
41.0059349 -8.6389705
41.0053772 -8.6350463
41.0053802 -8.6353341
41.0046892 -8.6440551
41.0046845 -8.6436410
41.0046810 -8.6433326
41.0046842 -8.6430240
41.0046802 -8.6423248
41.0046817 -8.6408338
41.0046790 -8.6398869
41.0121716 -8.6370146
41.0119169 -8.6370200
41.0110532 -8.6370381
41.0103341 -8.6370543
41.0093982 -8.6370817
41.0085153 -8.6370991
41.0084754 -8.6370999
41.0078286 -8.6371203
41.0072094 -8.6371391
41.0066013 -8.6371393
41.0059170 -8.6371472
41.0053593 -8.6371546
41.0046678 -8.6371573
41.0039625 -8.6371622
41.0031574 -8.6371636
41.0081912 -8.6398219
41.0081816 -8.6402451
41.0081696 -8.6407705
41.0081314 -8.6423070
41.0081183 -8.6429311
41.0081035 -8.6440269
41.0102776 -8.6422685
41.0094183 -8.6422618
41.0091236 -8.6423507
41.0103470 -8.6407406
41.0103453 -8.6398040
41.0103486 -8.6380393
41.0108332 -8.6407348
41.0094071 -8.6407589
41.0056540 -8.6408107
41.0053418 -8.6408170
41.0039686 -8.6408322
41.0031074 -8.6408468
41.0022489 -8.6408497
41.0012662 -8.6408809
41.0006656 -8.6408892
41.0011251 -8.6363336
41.0009406 -8.6380862
41.0009294 -8.6382048
41.0021834 -8.6430828
41.0021912 -8.6423937
41.0022867 -8.6399234
41.0023172 -8.6390483
41.0023538 -8.6381780
41.0053354 -8.6423230
41.0039624 -8.6423470
41.0030964 -8.6423785
41.0011327 -8.6424109
41.0004227 -8.6422385
40.9999993 -8.6417526
40.9998507 -8.6418801
41.0013651 -8.6399358
41.0091425 -8.6352233
41.0085082 -8.6352467
41.0084606 -8.6352485
41.0078234 -8.6352639
41.0072065 -8.6352885
41.0065984 -8.6352960
41.0059164 -8.6353129
41.0046601 -8.6353508
41.0039614 -8.6353769
41.0032199 -8.6354416
41.0031414 -8.6381688
41.0031402 -8.6384723
41.0031375 -8.6390158
41.0031199 -8.6399148
41.0030855 -8.6430635
41.0030802 -8.6433567
41.0030733 -8.6437352
41.0008390 -8.6390752
41.0014418 -8.6390642
41.0039601 -8.6390041
41.0012040 -8.6363336
41.0023853 -8.6363176
41.0031664 -8.6363023
41.0078257 -8.6344378
41.0078306 -8.6362675
41.0103430 -8.6379307
41.0103302 -8.6362391
41.0101802 -8.6351201
41.0101161 -8.6347043
41.0110461 -8.6362330
41.0110667 -8.6379175
41.0093910 -8.6353950
41.0039760 -8.6430430
41.0053328 -8.6430032
41.0082167 -8.6429336
41.0053356 -8.6433193
41.0039772 -8.6433507
41.0125366 -8.6444051
41.0125758 -8.6445255
41.0116800 -8.6449466
41.0091064 -8.6444593
41.0011631 -8.6461945
41.0011199 -8.6445840
41.0008267 -8.6445753
41.0009020 -8.6437353
40.9999000 -8.6415022
41.0000879 -8.6399294
41.0004743 -8.6445765
41.0005900 -8.6436533
41.0005609 -8.6438823
41.0014760 -8.6438783
41.0013796 -8.6445880
41.0007336 -8.6455324
41.0030640 -8.6461023
41.0030855 -8.6445665
40.9984207 -8.6430916
41.0003805 -8.6435992
41.0011112 -8.6437881
41.0079370 -8.6454093
41.0079318 -8.6449687
41.0053383 -8.6445709
41.0053375 -8.6450092
41.0039614 -8.6362967
41.0046694 -8.6363014
41.0053689 -8.6362802
41.0059149 -8.6362790
41.0066000 -8.6362758
41.0072081 -8.6362849
41.0084731 -8.6362514
41.0085121 -8.6362511
41.0093977 -8.6362453
41.0122559 -8.6362184
41.0118052 -8.6380226
41.0118431 -8.6379104
41.0120516 -8.6373654
41.0046904 -8.6445696
41.0066432 -8.6449888
41.0059774 -8.6449967
41.0053404 -8.6389796
41.0046857 -8.6389863
41.0133843 -8.6415656
41.0094070 -8.6380614
41.0094036 -8.6393773
41.0094061 -8.6398127
41.0066405 -8.6445449
41.0046810 -8.6381406
41.0059241 -8.6380106
41.0065945 -8.6344488
41.0066027 -8.6379982
41.0039696 -8.6384495
41.0039685 -8.6381527
41.0039778 -8.6445566
41.0039775 -8.6441535
41.0039774 -8.6439613
41.0039652 -8.6399029
41.0097960 -8.6444557
41.0066648 -8.6398469
41.0066658 -8.6391471
41.0066662 -8.6388748
41.0066664 -8.6387260
41.0066667 -8.6384985
41.0066673 -8.6381081
41.0085119 -8.6454323
41.0085355 -8.6445290
41.0021214 -8.6445787
41.0085681 -8.6397098
41.0084879 -8.6390919
41.0082670 -8.6390840
41.0082535 -8.6391160
41.0082567 -8.6396927
41.0084939 -8.6397115
41.0066366 -8.6445217
41.0066375 -8.6444955
41.0066318 -8.6443748
41.0066254 -8.6441782
41.0066191 -8.6440647
41.0059219 -8.6388743
41.0059224 -8.6386871
41.0059238 -8.6381194
41.0059715 -8.6388771
41.0144356 -8.6397972
41.0111768 -8.6397910
41.0017044 -8.6436640
41.0017536 -8.6435091
41.0116488 -8.6444364
41.0110386 -8.6444505
41.0110367 -8.6449172
41.0000112 -8.6376875
41.0005638 -8.6380279
41.0003948 -8.6380530
41.0002631 -8.6379292
41.0083396 -8.6380719
41.0073527 -8.6380849
41.0070699 -8.6381015
41.0062697 -8.6381141
41.0053661 -8.6381322
41.0040992 -8.6381491
41.0012531 -8.6352601
41.0010926 -8.6380921
41.0022027 -8.6380783
41.0023555 -8.6380755
41.0024933 -8.6380731
41.0031644 -8.6380608
41.0038238 -8.6380684
41.0039690 -8.6380604
41.0040996 -8.6380613
41.0046786 -8.6380407
41.0053657 -8.6380207
41.0070663 -8.6379931
41.0072108 -8.6379915
41.0073524 -8.6379885
41.0083393 -8.6379675
41.0141249 -8.6374141
41.0131986 -8.6364681
41.0091158 -8.6440376
41.0094345 -8.6440374
41.0096474 -8.6440291
41.0083577 -8.6440214
41.0023787 -8.6365675
41.0128359 -8.6368063
41.0126566 -8.6355509
41.0129341 -8.6371252
41.0125846 -8.6367913
41.0125255 -8.6356716
41.0130190 -8.6372448
41.0134020 -8.6379527
41.0135611 -8.6378904
41.0142945 -8.6338709
41.0138616 -8.6348273
41.0134234 -8.6380756
41.0151872 -8.6361946
41.0138640 -8.6353143
41.0104310 -8.6449301
41.0104320 -8.6444571
41.0092471 -8.6449444
41.0094965 -8.6449441
41.0094944 -8.6444642
41.0096478 -8.6444608
41.0053343 -8.6440381
41.0074260 -8.6391202
41.0078517 -8.6391180
41.0074244 -8.6396934
41.0078512 -8.6396930
41.0059626 -8.6391592
41.0108285 -8.6381910
41.0110813 -8.6381875
41.0108666 -8.6380343
41.0107232 -8.6381848
41.0105898 -8.6380361
41.0023791 -8.6367045
41.0090556 -8.6445139
41.0079264 -8.6445405
41.0072881 -8.6441693
41.0085270 -8.6440618
41.0090572 -8.6441777
41.0040373 -8.6440599
41.0040187 -8.6441537
41.0059484 -8.6441629
41.0059344 -8.6441628
41.0040357 -8.6441538
41.0079310 -8.6449020
41.0071844 -8.6442304
41.0060065 -8.6445095
41.0060063 -8.6444566
41.0065679 -8.6441658
41.0093379 -8.6393785
41.0133944 -8.6442322
41.0023751 -8.6377447
41.0023849 -8.6374025
41.0023910 -8.6371897
41.0023967 -8.6369896
41.0025185 -8.6369912
41.0030144 -8.6368041
41.0030176 -8.6366532
41.0025528 -8.6366463
41.0025347 -8.6367933
41.0015450 -8.6371855
41.0020068 -8.6373729
41.0016692 -8.6373464
41.0031585 -8.6371183
41.0031596 -8.6374495
41.0003476 -8.6438292
40.9995610 -8.6437491
41.0003313 -8.6439427
40.9997920 -8.6422938
41.0095014 -8.6454441
41.0021036 -8.6381883
41.0020734 -8.6382408
41.0018168 -8.6382408
41.0017569 -8.6381960
41.0001208 -8.6396155
41.0001697 -8.6391674
41.0001962 -8.6389179
41.0002495 -8.6384840
41.0002652 -8.6383565
41.0094072 -8.6379475
41.0009181 -8.6383398
41.0007634 -8.6399361
41.0058857 -8.6399871
41.0056536 -8.6407572
40.9999391 -8.6462548
41.0076454 -8.6448419
41.0078128 -8.6448411
41.0107034 -8.6424426
41.0039169 -8.6414238
41.0057470 -8.6412394
41.0056578 -8.6413000
41.0055617 -8.6412415
41.0055602 -8.6410487
41.0056554 -8.6409876
41.0057450 -8.6410450
41.0058882 -8.6408984
41.0053918 -8.6408991
41.0053922 -8.6413880
41.0056570 -8.6411982
41.0056585 -8.6413876
41.0056561 -8.6410848
41.0056547 -8.6408987
41.0039197 -8.6407748
41.0007228 -8.6398619
41.0000789 -8.6396090
40.9994808 -8.6399193
40.9994808 -8.6399503
41.0000598 -8.6391768
40.9998964 -8.6391908
41.0002072 -8.6386245
41.0001386 -8.6391701
41.0008691 -8.6384728
41.0009343 -8.6390273
41.0009721 -8.6383463
41.0014468 -8.6390157
41.0014349 -8.6391308
41.0013714 -8.6398831
41.0008578 -8.6383405
41.0116657 -8.6380133
41.0116597 -8.6379068
41.0086237 -8.6380687
41.0086217 -8.6379619
41.0084847 -8.6379070
41.0053395 -8.6398707
41.0053350 -8.6436384
41.0038289 -8.6381553
41.0024948 -8.6381696
41.0022074 -8.6381864
41.0010961 -8.6381955
40.9978943 -8.6358389
41.0063724 -8.6398502
41.0084940 -8.6398181
41.0129858 -8.6385798
41.0138710 -8.6352690
41.0000631 -8.6384840
41.0000661 -8.6383382
40.9999355 -8.6384884
40.9999310 -8.6383279
40.9976216 -8.6386348
40.9976278 -8.6387703
41.0059776 -8.6445546
41.0060223 -8.6445563
41.0063745 -8.6443955
41.0063760 -8.6445040
41.0062459 -8.6445075
41.0062441 -8.6443982
41.0062146 -8.6443989
41.0063730 -8.6443593
41.0063892 -8.6443949
41.0062439 -8.6443601
41.0062444 -8.6444599
41.0064412 -8.6443581
41.0065506 -8.6443781
41.0065647 -8.6443788
41.0060958 -8.6443989
41.0060329 -8.6444566
41.0059965 -8.6445089
41.0142969 -8.6445665
41.0065793 -8.6387260
41.0059620 -8.6390958
41.0066029 -8.6388753
41.0062839 -8.6388762
41.0059543 -8.6386867
41.0062715 -8.6384239
41.0062838 -8.6388577
41.0065931 -8.6396836
41.0063738 -8.6396944
41.0065749 -8.6394542
41.0063756 -8.6394917
41.0096492 -8.6441843
41.0058886 -8.6413872
41.0141335 -8.6432905
41.0091115 -8.6441780
41.0085291 -8.6441752
41.0059676 -8.6441630
41.0059795 -8.6459455
40.9995091 -8.6428919
41.0021598 -8.6436208
41.0014091 -8.6434828
41.0021526 -8.6438016
41.0039817 -8.6454866
41.0123655 -8.6443443
41.0123643 -8.6444757
41.0121994 -8.6440860
41.0123679 -8.6440833
41.0123669 -8.6441931
41.0123659 -8.6442969
41.0123639 -8.6445171
41.0032123 -8.6345127
41.0085216 -8.6379222
41.0075015 -8.6402281
41.0108135 -8.6418308
41.0014841 -8.6385735
41.0014891 -8.6384856
41.0000196 -8.6391802
40.9997635 -8.6391987
41.0084140 -8.6379567
41.0085473 -8.6379516
41.0085432 -8.6380824
41.0084238 -8.6380869
788
1 2 1
2 3 1
5 6 1
6 7 1
7 8 1
8 9 1
9 10 1
10 11 1
11 12 1
13 14 1
14 15 1
16 17 1
17 18 1
18 19 1
19 20 1
20 21 1
21 22 1
3 23 1
23 24 1
24 25 1
25 6 1
6 26 1
26 27 1
27 28 1
28 29 1
29 30 1
30 31 1
31 32 1
32 33 1
33 34 1
35 34 1
34 36 1
36 37 1
37 12 1
12 16 1
16 38 1
38 39 1
36 40 1
40 41 1
41 42 1
42 43 1
43 26 1
26 44 1
45 46 1
47 48 1
48 49 1
49 32 1
32 40 1
40 10 1
10 18 1
18 50 1
50 51 1
51 38 1
52 51 1
51 17 1
17 11 1
53 54 1
54 55 1
55 56 1
56 57 1
57 58 1
58 59 1
59 60 1
60 61 1
61 62 1
62 63 1
63 64 1
64 65 1
65 66 1
66 20 1
20 9 1
9 41 1
41 31 1
67 68 1
68 69 1
69 64 1
64 70 1
70 71 1
72 73 1
74 75 1
76 77 1
77 78 1
78 79 1
79 80 1
80 81 1
81 82 1
82 83 1
83 62 1
62 84 1
84 85 1
85 86 1
86 87 1
87 88 1
88 89 1
90 91 1
91 61 1
61 92 1
92 93 1
93 94 1
94 95 1
96 97 1
97 98 1
98 99 1
99 60 1
60 100 1
100 101 1
101 102 1
102 103 1
104 105 1
106 107 1
107 108 1
108 109 1
109 110 1
110 58 1
58 111 1
111 112 1
113 114 1
114 115 1
115 116 1
116 117 1
117 118 1
118 119 1
119 120 1
120 121 1
121 122 1
122 123 1
123 124 1
124 125 1
125 126 1
126 127 1
128 129 1
129 130 1
130 63 1
63 131 1
131 132 1
132 133 1
134 135 1
135 136 1
136 14 1
137 138 1
138 24 1
24 139 1
30 42 1
42 8 1
8 21 1
21 140 1
140 137 1
137 141 1
141 70 1
70 130 1
130 84 1
84 91 1
91 100 1
100 142 1
142 143 1
143 111 1
111 144 1
144 145 1
145 146 1
146 147 1
147 148 1
149 150 1
150 151 1
152 153 1
153 55 1
55 146 1
146 154 1
154 155 1
155 156 1
131 83 1
83 92 1
92 99 1
99 157 1
157 110 1
110 158 1
158 159 1
159 153 1
153 160 1
160 161 1
161 162 1
162 163 1
164 147 1
147 54 1
54 160 1
75 165 1
165 166 1
166 167 1
167 168 1
168 169 1
169 170 1
170 171 1
171 105 1
105 172 1
172 173 1
173 174 1
175 176 1
176 177 1
177 178 1
178 145 1
145 56 1
56 159 1
159 179 1
179 180 1
180 181 1
182 183 1
183 155 1
155 177 1
177 184 1
149 185 1
185 186 1
186 187 1
188 168 1
168 189 1
189 120 1
190 116 1
116 191 1
191 192 1
192 193 1
193 194 1
194 115 1
115 195 1
192 196 1
179 197 1
197 109 1
109 198 1
198 98 1
98 93 1
93 82 1
82 132 1
132 199 1
81 94 1
94 97 1
97 200 1
200 108 1
108 201 1
202 203 1
203 204 1
206 207 1
208 209 1
210 211 1
162 210 1
213 214 1
214 212 1
215 216 1
217 208 1
218 219 1
220 221 1
221 213 1
213 209 1
209 222 1
222 215 1
223 224 1
225 226 1
187 227 1
227 228 1
228 229 1
229 230 1
230 231 1
231 232 1
232 189 1
189 233 1
233 234 1
234 235 1
235 191 1
191 194 1
194 236 1
179 152 1
237 238 1
238 46 1
46 239 1
239 113 1
113 236 1
236 4 1
224 77 1
77 241 1
241 242 1
242 226 1
103 243 1
243 244 1
244 184 1
245 49 1
49 33 1
31 245 1
245 47 1
246 23 1
23 247 1
247 248 1
249 241 1
244 250 1
251 123 1
123 230 1
230 171 1
252 170 1
170 231 1
231 122 1
122 253 1
184 254 1
254 255 1
256 257 1
257 258 1
258 201 1
201 197 1
197 158 1
158 57 1
57 144 1
144 259 1
259 184 1
222 207 1
260 72 1
261 262 1
262 263 1
263 264 1
264 265 1
265 266 1
267 268 1
269 219 1
219 256 1
270 271 1
271 272 1
272 273 1
273 274 1
274 275 1
275 270 1
271 3 1
249 276 1
276 277 1
277 278 1
278 279 1
279 280 1
280 95 1
281 282 1
282 283 1
281 284 1
285 29 1
29 43 1
43 7 1
7 286 1
286 138 1
138 248 1
215 287 1
287 288 1
288 152 1
204 289 1
290 291 1
292 293 1
294 295 1
296 297 1
297 89 1
89 298 1
298 266 1
266 299 1
299 283 1
283 300 1
300 250 1
250 301 1
301 255 1
185 302 1
293 150 1
150 303 1
303 304 1
304 305 1
305 306 1
306 307 1
307 308 1
308 309 1
309 310 1
310 311 1
311 312 1
312 251 1
251 253 1
253 313 1
313 314 1
314 315 1
315 316 1
317 318 1
319 320 1
321 39 1
319 13 1
13 67 1
67 322 1
186 323 1
324 325 1
326 327 1
327 328 1
318 324 1
324 326 1
326 329 1
329 330 1
330 331 1
332 333 1
333 317 1
330 334 1
334 334 1
327 328 1
328 325 1
335 336 1
329 331 1
337 338 1
339 340 1
340 72 1
291 337 1
337 72 1
341 205 1
260 342 1
96 343 1
343 106 1
106 258 1
258 181 1
181 152 1
88 344 1
344 345 1
345 273 1
87 346 1
346 347 1
347 274 1
346 344 1
262 348 1
349 350 1
351 349 1
349 352 1
352 353 1
350 352 1
323 354 1
355 268 1
268 356 1
356 357 1
357 358 1
358 359 1
359 355 1
360 361 1
361 362 1
362 363 1
363 364 1
364 360 1
224 365 1
365 356 1
366 276 1
276 367 1
367 368 1
368 369 1
369 280 1
280 279 1
279 366 1
247 370 1
370 370 1
68 199 1
202 289 1
289 290 1
290 338 1
338 260 1
202 371 1
156 305 1
305 372 1
372 373 1
373 374 1
374 375 1
375 354 1
375 376 1
376 377 1
377 378 1
378 379 1
379 380 1
380 376 1
381 374 1
377 380 1
378 379 1
373 382 1
382 383 1
384 385 1
386 214 1
387 388 1
221 386 1
386 388 1
347 345 1
272 2 1
174 187 1
187 384 1
384 127 1
127 385 1
385 307 1
390 340 1
340 341 1
391 392 1
392 393 1
393 394 1
211 395 1
395 396 1
396 397 1
397 398 1
398 399 1
105 229 1
229 124 1
124 312 1
75 196 1
196 235 1
235 117 1
117 400 1
204 291 1
151 401 1
401 182 1
182 402 1
402 148 1
148 53 1
53 161 1
151 294 1
403 404 1
404 403 1
405 405 1
406 407 1
365 407 1
408 50 1
407 406 1
409 409 1
410 411 1
411 412 1
412 413 1
413 414 1
414 415 1
415 410 1
415 416 1
413 417 1
412 418 1
419 411 1
411 420 1
421 414 1
414 422 1
422 142 1
419 421 1
421 419 1
423 423 1
295 292 1
182 397 1
424 424 1
395 425 1
425 426 1
426 427 1
428 429 1
430 431 1
431 425 1
425 426 1
432 432 1
433 434 1
434 393 1
393 392 1
392 435 1
435 433 1
436 437 1
434 401 1
401 438 1
439 440 1
441 442 1
296 316 1
443 119 1
119 233 1
233 167 1
297 315 1
298 313 1
89 314 1
314 121 1
121 232 1
232 169 1
300 243 1
243 444 1
444 143 1
143 59 1
59 157 1
157 198 1
198 200 1
200 445 1
445 343 1
311 125 1
125 228 1
228 172 1
301 310 1
446 308 1
447 306 1
448 304 1
449 303 1
438 432 1
450 292 1
255 309 1
309 126 1
126 227 1
227 173 1
255 446 1
446 175 1
175 447 1
447 156 1
156 448 1
448 391 1
391 394 1
394 449 1
449 151 1
90 451 1
451 101 1
101 444 1
444 112 1
112 259 1
259 178 1
178 154 1
154 164 1
164 402 1
402 211 1
211 427 1
248 452 1
452 128 1
128 86 1
86 261 1
261 90 1
248 141 1
141 65 1
65 135 1
135 15 1
15 320 1
44 453 1
44 45 1
336 454 1
333 454 1
455 456 1
457 458 1
398 455 1
455 457 1
457 459 1
460 459 1
459 458 1
458 456 1
456 399 1
71 452 1
452 275 1
461 462 1
462 249 1
249 78 1
463 464 1
465 464 1
464 277 1
466 467 1
468 463 1
463 469 1
470 466 1
466 471 1
472 473 1
474 278 1
473 474 1
467 475 1
368 476 1
476 475 1
475 470 1
470 468 1
468 472 1
477 367 1
367 465 1
465 471 1
462 477 1
477 368 1
478 73 1
479 264 1
281 480 1
480 348 1
481 263 1
284 482 1
482 481 1
282 483 1
102 480 1
299 484 1
485 482 1
486 487 1
488 489 1
451 487 1
487 489 1
15 52 1
52 134 1
134 66 1
66 140 1
140 22 1
22 286 1
286 25 1
25 5 1
5 237 1
320 321 1
321 490 1
490 342 1
342 341 1
142 404 1
491 410 1
491 420 1
420 418 1
418 417 1
417 422 1
422 416 1
416 491 1
492 490 1
490 493 1
493 359 1
359 494 1
494 357 1
357 79 1
79 279 1
279 369 1
369 495 1
495 362 1
362 363 1
363 364 1
364 361 1
361 257 1
496 242 1
242 461 1
461 495 1
495 96 1
322 133 1
133 80 1
80 95 1
95 96 1
497 288 1
288 498 1
268 494 1
494 358 1
358 67 1
499 287 1
287 500 1
212 208 1
208 207 1
207 216 1
216 269 1
501 256 1
256 240 1
240 225 1
445 107 1
201 180 1
205 493 1
493 319 1
502 503 1
37 504 1
504 505 1
505 506 1
506 507 1
503 508 1
507 502 1
508 203 1
27 453 1
239 114 1
509 174 1
176 254 1
131 69 1
510 118 1
118 234 1
234 166 1
129 511 1
511 85 1
512 19 1
498 500 1
500 269 1
437 164 1
513 435 1
435 183 1
183 436 1
436 437 1
514 513 1
396 431 1
431 428 1
428 515 1
515 429 1
429 516 1
515 516 1
237 439 1
439 351 1
351 353 1
353 139 1
139 246 1
246 441 1
442 400 1
400 190 1
190 195 1
195 440 1
440 238 1
517 443 1
443 510 1
510 518 1
518 442 1
441 519 1
316 517 1
520 296 1
519 1 1
1 520 1
520 517 1
518 519 1
210 163 1
163 389 1
389 497 1
